; SYNTHETIC DATA – not measured – generated by make_demo_data.py
[Header]
FILE OPEN TIME, 06/20/2025 12:00:00 PM
INFO, Synthetic MPMS3 SQUID VSM Data
SAMPLE_DIAMETER_UM, 10
IS_ANNEALED, True
[Data]
Time,Magnetic Field (Oe),Moment (emu),Volts (V)
0.00,70000.00,2.09447238e-03,0.209447
2.00,69000.00,2.08017998e-03,0.208018
4.00,68000.00,2.06729096e-03,0.206729
6.00,67000.00,2.05426015e-03,0.205426
8.00,66000.00,2.04111829e-03,0.204112
10.00,65000.00,2.02623658e-03,0.202624
12.00,64000.00,2.01429730e-03,0.201430
14.00,63000.00,2.00051069e-03,0.200051
16.00,62000.00,1.98662705e-03,0.198663
18.00,61000.00,1.97325084e-03,0.197325
20.00,60000.00,1.96040126e-03,0.196040
22.00,59000.00,1.94633492e-03,0.194633
24.00,58000.00,1.93256958e-03,0.193257
26.00,57000.00,1.92079224e-03,0.192079
28.00,56000.00,1.90820300e-03,0.190820
30.00,55000.00,1.89388735e-03,0.189389
32.00,54000.00,1.88156853e-03,0.188157
34.00,53000.00,1.86712851e-03,0.186713
36.00,52000.00,1.85323312e-03,0.185323
38.00,51000.00,1.83940625e-03,0.183941
40.00,50000.00,1.82680823e-03,0.182681
42.00,49000.00,1.81578176e-03,0.181578
44.00,48000.00,1.80080009e-03,0.180080
46.00,47000.00,1.78591209e-03,0.178591
48.00,46000.00,1.77442721e-03,0.177443
50.00,45000.00,1.76074155e-03,0.176074
52.00,44000.00,1.74735368e-03,0.174735
54.00,43000.00,1.73388790e-03,0.173389
56.00,42000.00,1.72038325e-03,0.172038
58.00,41000.00,1.70755758e-03,0.170756
60.00,40000.00,1.69281378e-03,0.169281
62.00,39000.00,1.68018229e-03,0.168018
64.00,38000.00,1.66769908e-03,0.166770
66.00,37000.00,1.65549273e-03,0.165549
68.00,36000.00,1.64188583e-03,0.164189
70.00,35000.00,1.62998052e-03,0.162998
72.00,34000.00,1.61603799e-03,0.161604
74.00,33000.00,1.59966763e-03,0.159967
76.00,32000.00,1.58875461e-03,0.158875
78.00,31000.00,1.57590760e-03,0.157591
80.00,30000.00,1.56185462e-03,0.156185
82.00,29000.00,1.54647342e-03,0.154647
84.00,28000.00,1.53466374e-03,0.153466
86.00,27000.00,1.52090960e-03,0.152091
88.00,26000.00,1.50879743e-03,0.150880
90.00,25000.00,1.49628039e-03,0.149628
92.00,24000.00,1.48247243e-03,0.148247
94.00,23000.00,1.46749179e-03,0.146749
96.00,22000.00,1.45601605e-03,0.145602
98.00,21000.00,1.44193355e-03,0.144193
100.00,20000.00,1.42961604e-03,0.142962
102.00,19000.00,1.41502305e-03,0.141502
104.00,18000.00,1.40221568e-03,0.140222
106.00,17000.00,1.38864668e-03,0.138865
108.00,16000.00,1.37517856e-03,0.137518
110.00,15000.00,1.36359860e-03,0.136360
112.00,14000.00,1.34966816e-03,0.134967
114.00,13000.00,1.33587645e-03,0.133588
116.00,12000.00,1.32073664e-03,0.132074
118.00,11000.00,1.30807865e-03,0.130808
120.00,10000.00,1.29541720e-03,0.129542
122.00,9000.00,1.28257218e-03,0.128257
124.00,8000.00,1.26680293e-03,0.126680
126.00,7000.00,1.25577902e-03,0.125578
128.00,6000.00,1.24011668e-03,0.124012
130.00,5000.00,1.22609493e-03,0.122609
132.00,4000.00,1.21408720e-03,0.121409
134.00,3000.00,1.19763867e-03,0.119764
136.00,2000.00,1.18297328e-03,0.118297
138.00,1000.00,1.16677477e-03,0.116677
140.00,0.00,1.14760619e-03,0.114761
142.00,-1000.00,1.12419142e-03,0.112419
144.00,-2000.00,1.09851047e-03,0.109851
146.00,-3000.00,1.06554967e-03,0.106555
148.00,-4000.00,1.02355185e-03,0.102355
150.00,-5000.00,9.65788300e-04,0.096579
152.00,-6000.00,8.87975284e-04,0.088798
154.00,-7000.00,7.80450309e-04,0.078045
156.00,-8000.00,6.38029194e-04,0.063803
158.00,-9000.00,4.52814988e-04,0.045281
160.00,-10000.00,2.28282825e-04,0.022828
162.00,-11000.00,-2.75245892e-05,-0.002752
164.00,-12000.00,-2.92188880e-04,-0.029219
166.00,-13000.00,-5.46789289e-04,-0.054679
168.00,-14000.00,-7.68629039e-04,-0.076863
170.00,-15000.00,-9.48422152e-04,-0.094842
172.00,-16000.00,-1.09076409e-03,-0.109076
174.00,-17000.00,-1.19639924e-03,-0.119640
176.00,-18000.00,-1.27404079e-03,-0.127404
178.00,-19000.00,-1.33134368e-03,-0.133134
180.00,-20000.00,-1.37336643e-03,-0.137337
182.00,-21000.00,-1.40481654e-03,-0.140482
184.00,-22000.00,-1.43282845e-03,-0.143283
186.00,-23000.00,-1.45396684e-03,-0.145397
188.00,-24000.00,-1.47290819e-03,-0.147291
190.00,-25000.00,-1.48911200e-03,-0.148911
192.00,-26000.00,-1.50169579e-03,-0.150170
194.00,-27000.00,-1.51719523e-03,-0.151720
196.00,-28000.00,-1.53133720e-03,-0.153134
198.00,-29000.00,-1.54855157e-03,-0.154855
200.00,-30000.00,-1.56234335e-03,-0.156234
202.00,-31000.00,-1.57354167e-03,-0.157354
204.00,-32000.00,-1.58887740e-03,-0.158888
206.00,-33000.00,-1.60104202e-03,-0.160104
208.00,-34000.00,-1.61611020e-03,-0.161611
210.00,-35000.00,-1.62691942e-03,-0.162692
212.00,-36000.00,-1.64151525e-03,-0.164152
214.00,-37000.00,-1.65510508e-03,-0.165511
216.00,-38000.00,-1.66516384e-03,-0.166516
218.00,-39000.00,-1.68114298e-03,-0.168114
220.00,-40000.00,-1.69570807e-03,-0.169571
222.00,-41000.00,-1.70886787e-03,-0.170887
224.00,-42000.00,-1.72001220e-03,-0.172001
226.00,-43000.00,-1.73551414e-03,-0.173551
228.00,-44000.00,-1.74630223e-03,-0.174630
230.00,-45000.00,-1.76239455e-03,-0.176239
232.00,-46000.00,-1.77430456e-03,-0.177430
234.00,-47000.00,-1.78901210e-03,-0.178901
236.00,-48000.00,-1.80008471e-03,-0.180008
238.00,-49000.00,-1.81324122e-03,-0.181324
240.00,-50000.00,-1.82727856e-03,-0.182728
242.00,-51000.00,-1.84133771e-03,-0.184134
244.00,-52000.00,-1.85502071e-03,-0.185502
246.00,-53000.00,-1.86788706e-03,-0.186789
248.00,-54000.00,-1.88228930e-03,-0.188229
250.00,-55000.00,-1.89509567e-03,-0.189510
252.00,-56000.00,-1.90630008e-03,-0.190630
254.00,-57000.00,-1.92139879e-03,-0.192140
256.00,-58000.00,-1.93418930e-03,-0.193419
258.00,-59000.00,-1.94605441e-03,-0.194605
260.00,-60000.00,-1.96040913e-03,-0.196041
262.00,-61000.00,-1.97401168e-03,-0.197401
264.00,-62000.00,-1.98625841e-03,-0.198626
266.00,-63000.00,-2.00015034e-03,-0.200015
268.00,-64000.00,-2.01352879e-03,-0.201353
270.00,-65000.00,-2.02701603e-03,-0.202702
272.00,-66000.00,-2.03905516e-03,-0.203906
274.00,-67000.00,-2.05210971e-03,-0.205211
276.00,-68000.00,-2.06949511e-03,-0.206950
278.00,-69000.00,-2.07843701e-03,-0.207844
280.00,-70000.00,-2.09289805e-03,-0.209290
282.00,-70000.00,-2.09401898e-03,-0.209402
284.00,-69000.00,-2.07949972e-03,-0.207950
286.00,-68000.00,-2.06855915e-03,-0.206856
288.00,-67000.00,-2.05347689e-03,-0.205348
290.00,-66000.00,-2.03927382e-03,-0.203927
292.00,-65000.00,-2.02748498e-03,-0.202748
294.00,-64000.00,-2.01624223e-03,-0.201624
296.00,-63000.00,-2.00044885e-03,-0.200045
298.00,-62000.00,-1.98749498e-03,-0.198749
300.00,-61000.00,-1.97248977e-03,-0.197249
302.00,-60000.00,-1.95972764e-03,-0.195973
304.00,-59000.00,-1.94533013e-03,-0.194533
306.00,-58000.00,-1.93392827e-03,-0.193393
308.00,-57000.00,-1.91998343e-03,-0.191998
310.00,-56000.00,-1.90676270e-03,-0.190676
312.00,-55000.00,-1.89473505e-03,-0.189474
314.00,-54000.00,-1.88049238e-03,-0.188049
316.00,-53000.00,-1.86489005e-03,-0.186489
318.00,-52000.00,-1.85475926e-03,-0.185476
320.00,-51000.00,-1.84031461e-03,-0.184031
322.00,-50000.00,-1.82769039e-03,-0.182769
324.00,-49000.00,-1.81347070e-03,-0.181347
326.00,-48000.00,-1.80182878e-03,-0.180183
328.00,-47000.00,-1.78627274e-03,-0.178627
330.00,-46000.00,-1.77449791e-03,-0.177450
332.00,-45000.00,-1.76134363e-03,-0.176134
334.00,-44000.00,-1.74832010e-03,-0.174832
336.00,-43000.00,-1.73407747e-03,-0.173408
338.00,-42000.00,-1.72212296e-03,-0.172212
340.00,-41000.00,-1.70703391e-03,-0.170703
342.00,-40000.00,-1.69526253e-03,-0.169526
344.00,-39000.00,-1.68146817e-03,-0.168147
346.00,-38000.00,-1.66673955e-03,-0.166674
348.00,-37000.00,-1.65324496e-03,-0.165324
350.00,-36000.00,-1.64120081e-03,-0.164120
352.00,-35000.00,-1.62866365e-03,-0.162866
354.00,-34000.00,-1.61478720e-03,-0.161479
356.00,-33000.00,-1.60070138e-03,-0.160070
358.00,-32000.00,-1.58807138e-03,-0.158807
360.00,-31000.00,-1.57436925e-03,-0.157437
362.00,-30000.00,-1.56041034e-03,-0.156041
364.00,-29000.00,-1.55014304e-03,-0.155014
366.00,-28000.00,-1.53494562e-03,-0.153495
368.00,-27000.00,-1.52159887e-03,-0.152160
370.00,-26000.00,-1.50895714e-03,-0.150896
372.00,-25000.00,-1.49460018e-03,-0.149460
374.00,-24000.00,-1.48264359e-03,-0.148264
376.00,-23000.00,-1.46891614e-03,-0.146892
378.00,-22000.00,-1.45557442e-03,-0.145557
380.00,-21000.00,-1.44004172e-03,-0.144004
382.00,-20000.00,-1.42975561e-03,-0.142976
384.00,-19000.00,-1.41545809e-03,-0.141546
386.00,-18000.00,-1.40100956e-03,-0.140101
388.00,-17000.00,-1.38810294e-03,-0.138810
390.00,-16000.00,-1.37668406e-03,-0.137668
392.00,-15000.00,-1.36202486e-03,-0.136202
394.00,-14000.00,-1.35064757e-03,-0.135065
396.00,-13000.00,-1.33468410e-03,-0.133468
398.00,-12000.00,-1.32152765e-03,-0.132153
400.00,-11000.00,-1.30938039e-03,-0.130938
402.00,-10000.00,-1.29651757e-03,-0.129652
404.00,-9000.00,-1.28195411e-03,-0.128195
406.00,-8000.00,-1.26930674e-03,-0.126931
408.00,-7000.00,-1.25602128e-03,-0.125602
410.00,-6000.00,-1.24119100e-03,-0.124119
412.00,-5000.00,-1.22631069e-03,-0.122631
414.00,-4000.00,-1.21358900e-03,-0.121359
416.00,-3000.00,-1.19924142e-03,-0.119924
418.00,-2000.00,-1.18358374e-03,-0.118358
420.00,-1000.00,-1.16461661e-03,-0.116462
422.00,0.00,-1.14809598e-03,-0.114810
424.00,1000.00,-1.12644036e-03,-0.112644
426.00,2000.00,-1.09855943e-03,-0.109856
428.00,3000.00,-1.06609271e-03,-0.106609
430.00,4000.00,-1.02213113e-03,-0.102213
432.00,5000.00,-9.65257738e-04,-0.096526
434.00,6000.00,-8.87721257e-04,-0.088772
436.00,7000.00,-7.78838040e-04,-0.077884
438.00,8000.00,-6.38507235e-04,-0.063851
440.00,9000.00,-4.52511956e-04,-0.045251
442.00,10000.00,-2.29034457e-04,-0.022903
444.00,11000.00,2.70307287e-05,0.002703
446.00,12000.00,2.91212992e-04,0.029121
448.00,13000.00,5.45412427e-04,0.054541
450.00,14000.00,7.67456591e-04,0.076746
452.00,15000.00,9.50050131e-04,0.095005
454.00,16000.00,1.09140885e-03,0.109141
456.00,17000.00,1.19595148e-03,0.119595
458.00,18000.00,1.27363447e-03,0.127363
460.00,19000.00,1.33224260e-03,0.133224
462.00,20000.00,1.37317234e-03,0.137317
464.00,21000.00,1.40817458e-03,0.140817
466.00,22000.00,1.43170825e-03,0.143171
468.00,23000.00,1.45174861e-03,0.145175
470.00,24000.00,1.47006536e-03,0.147007
472.00,25000.00,1.49008958e-03,0.149009
474.00,26000.00,1.50382614e-03,0.150383
476.00,27000.00,1.51794692e-03,0.151795
478.00,28000.00,1.53494143e-03,0.153494
480.00,29000.00,1.54694482e-03,0.154694
482.00,30000.00,1.56039535e-03,0.156040
484.00,31000.00,1.57518406e-03,0.157518
486.00,32000.00,1.58787799e-03,0.158788
488.00,33000.00,1.60165404e-03,0.160165
490.00,34000.00,1.61479490e-03,0.161479
492.00,35000.00,1.62724019e-03,0.162724
494.00,36000.00,1.64030086e-03,0.164030
496.00,37000.00,1.65548272e-03,0.165548
498.00,38000.00,1.66835245e-03,0.166835
500.00,39000.00,1.68107685e-03,0.168108
502.00,40000.00,1.69178902e-03,0.169179
504.00,41000.00,1.70717106e-03,0.170717
506.00,42000.00,1.72104640e-03,0.172105
508.00,43000.00,1.73572599e-03,0.173573
510.00,44000.00,1.74826308e-03,0.174826
512.00,45000.00,1.76287933e-03,0.176288
514.00,46000.00,1.77228102e-03,0.177228
516.00,47000.00,1.78693601e-03,0.178694
518.00,48000.00,1.80118611e-03,0.180119
520.00,49000.00,1.81291390e-03,0.181291
522.00,50000.00,1.82760121e-03,0.182760
524.00,51000.00,1.84129211e-03,0.184129
526.00,52000.00,1.85467920e-03,0.185468
528.00,53000.00,1.86840818e-03,0.186841
530.00,54000.00,1.87906943e-03,0.187907
532.00,55000.00,1.89285261e-03,0.189285
534.00,56000.00,1.90717163e-03,0.190717
536.00,57000.00,1.92085761e-03,0.192086
538.00,58000.00,1.93295331e-03,0.193295
540.00,59000.00,1.94659451e-03,0.194659
542.00,60000.00,1.96014703e-03,0.196015
544.00,61000.00,1.97461583e-03,0.197462
546.00,62000.00,1.98756007e-03,0.198756
548.00,63000.00,2.00144077e-03,0.200144
550.00,64000.00,2.01414393e-03,0.201414
552.00,65000.00,2.02980434e-03,0.202980
554.00,66000.00,2.04009630e-03,0.204010
556.00,67000.00,2.05373803e-03,0.205374
558.00,68000.00,2.06712302e-03,0.206712
560.00,69000.00,2.08176416e-03,0.208176
562.00,70000.00,2.09608720e-03,0.209609
