; SYNTHETIC DATA – not measured – generated by make_demo_data.py
[Header]
FILE OPEN TIME, 06/20/2025 12:00:00 PM
INFO, Synthetic MPMS3 SQUID VSM Data
SAMPLE_DIAMETER_UM, 8
IS_ANNEALED, True
[Data]
Time,Magnetic Field (Oe),Moment (emu),Volts (V)
0.00,70000.00,2.13827477e-03,0.213827
2.00,69000.00,2.12466255e-03,0.212466
4.00,68000.00,2.11111726e-03,0.211112
6.00,67000.00,2.09685914e-03,0.209686
8.00,66000.00,2.08291943e-03,0.208292
10.00,65000.00,2.07101448e-03,0.207101
12.00,64000.00,2.05682635e-03,0.205683
14.00,63000.00,2.04486554e-03,0.204487
16.00,62000.00,2.03094956e-03,0.203095
18.00,61000.00,2.01669301e-03,0.201669
20.00,60000.00,2.00440603e-03,0.200441
22.00,59000.00,1.99154749e-03,0.199155
24.00,58000.00,1.97771583e-03,0.197772
26.00,57000.00,1.96345574e-03,0.196346
28.00,56000.00,1.95120064e-03,0.195120
30.00,55000.00,1.93799531e-03,0.193800
32.00,54000.00,1.92516260e-03,0.192516
34.00,53000.00,1.91176034e-03,0.191176
36.00,52000.00,1.89683005e-03,0.189683
38.00,51000.00,1.88394054e-03,0.188394
40.00,50000.00,1.87174402e-03,0.187174
42.00,49000.00,1.85614063e-03,0.185614
44.00,48000.00,1.84531554e-03,0.184532
46.00,47000.00,1.83039886e-03,0.183040
48.00,46000.00,1.81751653e-03,0.181752
50.00,45000.00,1.80608165e-03,0.180608
52.00,44000.00,1.79127383e-03,0.179127
54.00,43000.00,1.77773643e-03,0.177774
56.00,42000.00,1.76501972e-03,0.176502
58.00,41000.00,1.75134436e-03,0.175134
60.00,40000.00,1.73751240e-03,0.173751
62.00,39000.00,1.72508817e-03,0.172509
64.00,38000.00,1.71367514e-03,0.171368
66.00,37000.00,1.69915794e-03,0.169916
68.00,36000.00,1.68537621e-03,0.168538
70.00,35000.00,1.67189559e-03,0.167190
72.00,34000.00,1.65913609e-03,0.165914
74.00,33000.00,1.64566238e-03,0.164566
76.00,32000.00,1.63088155e-03,0.163088
78.00,31000.00,1.61894534e-03,0.161895
80.00,30000.00,1.60519050e-03,0.160519
82.00,29000.00,1.59355410e-03,0.159355
84.00,28000.00,1.57832713e-03,0.157833
86.00,27000.00,1.56648992e-03,0.156649
88.00,26000.00,1.55078239e-03,0.155078
90.00,25000.00,1.53895086e-03,0.153895
92.00,24000.00,1.52462631e-03,0.152463
94.00,23000.00,1.51116007e-03,0.151116
96.00,22000.00,1.49952232e-03,0.149952
98.00,21000.00,1.48445315e-03,0.148445
100.00,20000.00,1.47199711e-03,0.147200
102.00,19000.00,1.45813158e-03,0.145813
104.00,18000.00,1.44592695e-03,0.144593
106.00,17000.00,1.43250475e-03,0.143250
108.00,16000.00,1.41675637e-03,0.141676
110.00,15000.00,1.40631327e-03,0.140631
112.00,14000.00,1.39168851e-03,0.139169
114.00,13000.00,1.38098410e-03,0.138098
116.00,12000.00,1.36652738e-03,0.136653
118.00,11000.00,1.35324890e-03,0.135325
120.00,10000.00,1.33656160e-03,0.133656
122.00,9000.00,1.32724802e-03,0.132725
124.00,8000.00,1.31207747e-03,0.131208
126.00,7000.00,1.29712785e-03,0.129713
128.00,6000.00,1.28502742e-03,0.128503
130.00,5000.00,1.27202966e-03,0.127203
132.00,4000.00,1.25486994e-03,0.125487
134.00,3000.00,1.24261963e-03,0.124262
136.00,2000.00,1.22556328e-03,0.122556
138.00,1000.00,1.20836301e-03,0.120836
140.00,0.00,1.18960338e-03,0.118960
142.00,-1000.00,1.16736206e-03,0.116736
144.00,-2000.00,1.14207086e-03,0.114207
146.00,-3000.00,1.10914508e-03,0.110915
148.00,-4000.00,1.06705078e-03,0.106705
150.00,-5000.00,1.01013885e-03,0.101014
152.00,-6000.00,9.30826408e-04,0.093083
154.00,-7000.00,8.26928147e-04,0.082693
156.00,-8000.00,6.84249039e-04,0.068425
158.00,-9000.00,5.04624486e-04,0.050462
160.00,-10000.00,2.80385629e-04,0.028039
162.00,-11000.00,2.56567836e-05,0.002566
164.00,-12000.00,-2.43508378e-04,-0.024351
166.00,-13000.00,-5.07635789e-04,-0.050764
168.00,-14000.00,-7.41707245e-04,-0.074171
170.00,-15000.00,-9.39528338e-04,-0.093953
172.00,-16000.00,-1.09293583e-03,-0.109294
174.00,-17000.00,-1.20830733e-03,-0.120831
176.00,-18000.00,-1.29365001e-03,-0.129365
178.00,-19000.00,-1.35976900e-03,-0.135977
180.00,-20000.00,-1.40435836e-03,-0.140436
182.00,-21000.00,-1.44159698e-03,-0.144160
184.00,-22000.00,-1.46795602e-03,-0.146796
186.00,-23000.00,-1.49362862e-03,-0.149363
188.00,-24000.00,-1.51360632e-03,-0.151361
190.00,-25000.00,-1.53034082e-03,-0.153034
192.00,-26000.00,-1.54777813e-03,-0.154778
194.00,-27000.00,-1.56171548e-03,-0.156172
196.00,-28000.00,-1.57638061e-03,-0.157638
198.00,-29000.00,-1.58910170e-03,-0.158910
200.00,-30000.00,-1.60385851e-03,-0.160386
202.00,-31000.00,-1.61903572e-03,-0.161904
204.00,-32000.00,-1.63260451e-03,-0.163260
206.00,-33000.00,-1.64570128e-03,-0.164570
208.00,-34000.00,-1.66016411e-03,-0.166016
210.00,-35000.00,-1.67360774e-03,-0.167361
212.00,-36000.00,-1.68280154e-03,-0.168280
214.00,-37000.00,-1.69899386e-03,-0.169899
216.00,-38000.00,-1.71024585e-03,-0.171025
218.00,-39000.00,-1.72553329e-03,-0.172553
220.00,-40000.00,-1.73851277e-03,-0.173851
222.00,-41000.00,-1.75308784e-03,-0.175309
224.00,-42000.00,-1.76349029e-03,-0.176349
226.00,-43000.00,-1.77840931e-03,-0.177841
228.00,-44000.00,-1.78969702e-03,-0.178970
230.00,-45000.00,-1.80531348e-03,-0.180531
232.00,-46000.00,-1.81667003e-03,-0.181667
234.00,-47000.00,-1.82977196e-03,-0.182977
236.00,-48000.00,-1.84599902e-03,-0.184600
238.00,-49000.00,-1.85738293e-03,-0.185738
240.00,-50000.00,-1.87213924e-03,-0.187214
242.00,-51000.00,-1.88556241e-03,-0.188556
244.00,-52000.00,-1.89761372e-03,-0.189761
246.00,-53000.00,-1.91023555e-03,-0.191024
248.00,-54000.00,-1.92300718e-03,-0.192301
250.00,-55000.00,-1.93796827e-03,-0.193797
252.00,-56000.00,-1.94995982e-03,-0.194996
254.00,-57000.00,-1.96368181e-03,-0.196368
256.00,-58000.00,-1.97754589e-03,-0.197755
258.00,-59000.00,-1.99176603e-03,-0.199177
260.00,-60000.00,-2.00409694e-03,-0.200410
262.00,-61000.00,-2.01397495e-03,-0.201397
264.00,-62000.00,-2.03165750e-03,-0.203166
266.00,-63000.00,-2.04420679e-03,-0.204421
268.00,-64000.00,-2.05821963e-03,-0.205822
270.00,-65000.00,-2.06928431e-03,-0.206928
272.00,-66000.00,-2.08216021e-03,-0.208216
274.00,-67000.00,-2.09591906e-03,-0.209592
276.00,-68000.00,-2.10858593e-03,-0.210859
278.00,-69000.00,-2.12391780e-03,-0.212392
280.00,-70000.00,-2.13548808e-03,-0.213549
282.00,-70000.00,-2.13795779e-03,-0.213796
284.00,-69000.00,-2.12230850e-03,-0.212231
286.00,-68000.00,-2.10907281e-03,-0.210907
288.00,-67000.00,-2.09786203e-03,-0.209786
290.00,-66000.00,-2.08301195e-03,-0.208301
292.00,-65000.00,-2.07171364e-03,-0.207171
294.00,-64000.00,-2.05873471e-03,-0.205873
296.00,-63000.00,-2.04542600e-03,-0.204543
298.00,-62000.00,-2.03184253e-03,-0.203184
300.00,-61000.00,-2.01858047e-03,-0.201858
302.00,-60000.00,-2.00426147e-03,-0.200426
304.00,-59000.00,-1.98912419e-03,-0.198912
306.00,-58000.00,-1.97780599e-03,-0.197781
308.00,-57000.00,-1.96509674e-03,-0.196510
310.00,-56000.00,-1.95027887e-03,-0.195028
312.00,-55000.00,-1.93790143e-03,-0.193790
314.00,-54000.00,-1.92426532e-03,-0.192427
316.00,-53000.00,-1.91066328e-03,-0.191066
318.00,-52000.00,-1.89732308e-03,-0.189732
320.00,-51000.00,-1.88513967e-03,-0.188514
322.00,-50000.00,-1.87140310e-03,-0.187140
324.00,-49000.00,-1.85693008e-03,-0.185693
326.00,-48000.00,-1.84493218e-03,-0.184493
328.00,-47000.00,-1.83149810e-03,-0.183150
330.00,-46000.00,-1.81765368e-03,-0.181765
332.00,-45000.00,-1.80423899e-03,-0.180424
334.00,-44000.00,-1.79167420e-03,-0.179167
336.00,-43000.00,-1.77749853e-03,-0.177750
338.00,-42000.00,-1.76476513e-03,-0.176477
340.00,-41000.00,-1.75276525e-03,-0.175277
342.00,-40000.00,-1.73751171e-03,-0.173751
344.00,-39000.00,-1.72572575e-03,-0.172573
346.00,-38000.00,-1.70849953e-03,-0.170850
348.00,-37000.00,-1.69796749e-03,-0.169797
350.00,-36000.00,-1.68523667e-03,-0.168524
352.00,-35000.00,-1.67080587e-03,-0.167081
354.00,-34000.00,-1.65689204e-03,-0.165689
356.00,-33000.00,-1.64354106e-03,-0.164354
358.00,-32000.00,-1.63144907e-03,-0.163145
360.00,-31000.00,-1.61738212e-03,-0.161738
362.00,-30000.00,-1.60444698e-03,-0.160445
364.00,-29000.00,-1.59175941e-03,-0.159176
366.00,-28000.00,-1.58006012e-03,-0.158006
368.00,-27000.00,-1.56522561e-03,-0.156523
370.00,-26000.00,-1.55451556e-03,-0.155452
372.00,-25000.00,-1.53953354e-03,-0.153953
374.00,-24000.00,-1.52398638e-03,-0.152399
376.00,-23000.00,-1.51186839e-03,-0.151187
378.00,-22000.00,-1.49878970e-03,-0.149879
380.00,-21000.00,-1.48631854e-03,-0.148632
382.00,-20000.00,-1.47299932e-03,-0.147300
384.00,-19000.00,-1.45952815e-03,-0.145953
386.00,-18000.00,-1.44693195e-03,-0.144693
388.00,-17000.00,-1.43450833e-03,-0.143451
390.00,-16000.00,-1.41790149e-03,-0.141790
392.00,-15000.00,-1.40397009e-03,-0.140397
394.00,-14000.00,-1.39294738e-03,-0.139295
396.00,-13000.00,-1.37822141e-03,-0.137822
398.00,-12000.00,-1.36688778e-03,-0.136689
400.00,-11000.00,-1.35195488e-03,-0.135195
402.00,-10000.00,-1.34031269e-03,-0.134031
404.00,-9000.00,-1.32459785e-03,-0.132460
406.00,-8000.00,-1.31197100e-03,-0.131197
408.00,-7000.00,-1.29971748e-03,-0.129972
410.00,-6000.00,-1.28416081e-03,-0.128416
412.00,-5000.00,-1.26909443e-03,-0.126909
414.00,-4000.00,-1.25642114e-03,-0.125642
416.00,-3000.00,-1.24160615e-03,-0.124161
418.00,-2000.00,-1.22586147e-03,-0.122586
420.00,-1000.00,-1.20878366e-03,-0.120878
422.00,0.00,-1.18875821e-03,-0.118876
424.00,1000.00,-1.16687193e-03,-0.116687
426.00,2000.00,-1.14397628e-03,-0.114398
428.00,3000.00,-1.10768469e-03,-0.110768
430.00,4000.00,-1.06622890e-03,-0.106623
432.00,5000.00,-1.00709590e-03,-0.100710
434.00,6000.00,-9.30673648e-04,-0.093067
436.00,7000.00,-8.24906664e-04,-0.082491
438.00,8000.00,-6.85893812e-04,-0.068589
440.00,9000.00,-5.05337241e-04,-0.050534
442.00,10000.00,-2.81213046e-04,-0.028121
444.00,11000.00,-2.52374610e-05,-0.002524
446.00,12000.00,2.44838419e-04,0.024484
448.00,13000.00,5.07701503e-04,0.050770
450.00,14000.00,7.42413343e-04,0.074241
452.00,15000.00,9.38829016e-04,0.093883
454.00,16000.00,1.09141715e-03,0.109142
456.00,17000.00,1.20868171e-03,0.120868
458.00,18000.00,1.29355019e-03,0.129355
460.00,19000.00,1.35858539e-03,0.135859
462.00,20000.00,1.40557611e-03,0.140558
464.00,21000.00,1.44190083e-03,0.144190
466.00,22000.00,1.47119387e-03,0.147119
468.00,23000.00,1.49339057e-03,0.149339
470.00,24000.00,1.51019915e-03,0.151020
472.00,25000.00,1.53202135e-03,0.153202
474.00,26000.00,1.54687348e-03,0.154687
476.00,27000.00,1.56260747e-03,0.156261
478.00,28000.00,1.57551682e-03,0.157552
480.00,29000.00,1.59120816e-03,0.159121
482.00,30000.00,1.60571729e-03,0.160572
484.00,31000.00,1.61618863e-03,0.161619
486.00,32000.00,1.63255291e-03,0.163255
488.00,33000.00,1.64382362e-03,0.164382
490.00,34000.00,1.65737969e-03,0.165738
492.00,35000.00,1.67151143e-03,0.167151
494.00,36000.00,1.68693868e-03,0.168694
496.00,37000.00,1.69636194e-03,0.169636
498.00,38000.00,1.71084940e-03,0.171085
500.00,39000.00,1.72484199e-03,0.172484
502.00,40000.00,1.73876010e-03,0.173876
504.00,41000.00,1.75129776e-03,0.175130
506.00,42000.00,1.76514504e-03,0.176515
508.00,43000.00,1.77697872e-03,0.177698
510.00,44000.00,1.79209259e-03,0.179209
512.00,45000.00,1.80567599e-03,0.180568
514.00,46000.00,1.81681395e-03,0.181681
516.00,47000.00,1.83042949e-03,0.183043
518.00,48000.00,1.84491850e-03,0.184492
520.00,49000.00,1.85815490e-03,0.185815
522.00,50000.00,1.87165225e-03,0.187165
524.00,51000.00,1.88319543e-03,0.188320
526.00,52000.00,1.89732732e-03,0.189733
528.00,53000.00,1.91052959e-03,0.191053
530.00,54000.00,1.92568655e-03,0.192569
532.00,55000.00,1.93752839e-03,0.193753
534.00,56000.00,1.95041609e-03,0.195042
536.00,57000.00,1.96331170e-03,0.196331
538.00,58000.00,1.97752439e-03,0.197752
540.00,59000.00,1.99202393e-03,0.199202
542.00,60000.00,2.00256129e-03,0.200256
544.00,61000.00,2.01754001e-03,0.201754
546.00,62000.00,2.03123685e-03,0.203124
548.00,63000.00,2.04602856e-03,0.204603
550.00,64000.00,2.05800997e-03,0.205801
552.00,65000.00,2.07198834e-03,0.207199
554.00,66000.00,2.08396922e-03,0.208397
556.00,67000.00,2.09582356e-03,0.209582
558.00,68000.00,2.10909048e-03,0.210909
560.00,69000.00,2.12309907e-03,0.212310
562.00,70000.00,2.13726025e-03,0.213726
