; SYNTHETIC DATA – not measured – generated by make_demo_data.py
[Header]
FILE OPEN TIME, 06/20/2025 12:00:00 PM
INFO, Synthetic MPMS3 SQUID VSM Data
SAMPLE_DIAMETER_UM, 3
IS_ANNEALED, True
[Data]
Time,Magnetic Field (Oe),Moment (emu),Volts (V)
0.00,70000.00,2.20480361e-03,0.220480
2.00,69000.00,2.18960412e-03,0.218960
4.00,68000.00,2.17604396e-03,0.217604
6.00,67000.00,2.16415015e-03,0.216415
8.00,66000.00,2.15042563e-03,0.215043
10.00,65000.00,2.13766150e-03,0.213766
12.00,64000.00,2.12479872e-03,0.212480
14.00,63000.00,2.11128961e-03,0.211129
16.00,62000.00,2.09731545e-03,0.209732
18.00,61000.00,2.08344468e-03,0.208344
20.00,60000.00,2.07002060e-03,0.207002
22.00,59000.00,2.05800936e-03,0.205801
24.00,58000.00,2.04619174e-03,0.204619
26.00,57000.00,2.03116753e-03,0.203117
28.00,56000.00,2.01668114e-03,0.201668
30.00,55000.00,2.00439899e-03,0.200440
32.00,54000.00,1.99206736e-03,0.199207
34.00,53000.00,1.97816642e-03,0.197817
36.00,52000.00,1.96342149e-03,0.196342
38.00,51000.00,1.95138473e-03,0.195138
40.00,50000.00,1.93861861e-03,0.193862
42.00,49000.00,1.92561157e-03,0.192561
44.00,48000.00,1.90947300e-03,0.190947
46.00,47000.00,1.89776067e-03,0.189776
48.00,46000.00,1.88537948e-03,0.188538
50.00,45000.00,1.87350530e-03,0.187351
52.00,44000.00,1.85944829e-03,0.185945
54.00,43000.00,1.84387240e-03,0.184387
56.00,42000.00,1.83264164e-03,0.183264
58.00,41000.00,1.81793683e-03,0.181794
60.00,40000.00,1.80494897e-03,0.180495
62.00,39000.00,1.79144160e-03,0.179144
64.00,38000.00,1.77878231e-03,0.177878
66.00,37000.00,1.76686796e-03,0.176687
68.00,36000.00,1.75089332e-03,0.175089
70.00,35000.00,1.73943246e-03,0.173943
72.00,34000.00,1.72535045e-03,0.172535
74.00,33000.00,1.71278725e-03,0.171279
76.00,32000.00,1.69952380e-03,0.169952
78.00,31000.00,1.68526582e-03,0.168527
80.00,30000.00,1.67274753e-03,0.167275
82.00,29000.00,1.66000162e-03,0.166000
84.00,28000.00,1.64435651e-03,0.164436
86.00,27000.00,1.63347484e-03,0.163347
88.00,26000.00,1.61921068e-03,0.161921
90.00,25000.00,1.60711266e-03,0.160711
92.00,24000.00,1.59020722e-03,0.159021
94.00,23000.00,1.57893611e-03,0.157894
96.00,22000.00,1.56518751e-03,0.156519
98.00,21000.00,1.55170896e-03,0.155171
100.00,20000.00,1.53713904e-03,0.153714
102.00,19000.00,1.52551603e-03,0.152552
104.00,18000.00,1.51218775e-03,0.151219
106.00,17000.00,1.49801783e-03,0.149802
108.00,16000.00,1.48492881e-03,0.148493
110.00,15000.00,1.47330550e-03,0.147331
112.00,14000.00,1.45905120e-03,0.145905
114.00,13000.00,1.44690802e-03,0.144691
116.00,12000.00,1.43468897e-03,0.143469
118.00,11000.00,1.41918112e-03,0.141918
120.00,10000.00,1.40574349e-03,0.140574
122.00,9000.00,1.39073059e-03,0.139073
124.00,8000.00,1.37676976e-03,0.137677
126.00,7000.00,1.36489545e-03,0.136490
128.00,6000.00,1.35062466e-03,0.135062
130.00,5000.00,1.33793931e-03,0.133794
132.00,4000.00,1.32386352e-03,0.132386
134.00,3000.00,1.30764763e-03,0.130765
136.00,2000.00,1.29239934e-03,0.129240
138.00,1000.00,1.27408526e-03,0.127409
140.00,0.00,1.25633787e-03,0.125634
142.00,-1000.00,1.23257817e-03,0.123258
144.00,-2000.00,1.20874633e-03,0.120875
146.00,-3000.00,1.17751321e-03,0.117751
148.00,-4000.00,1.13360172e-03,0.113360
150.00,-5000.00,1.08149987e-03,0.108150
152.00,-6000.00,1.01207747e-03,0.101208
154.00,-7000.00,9.17052325e-04,0.091705
156.00,-8000.00,7.91433993e-04,0.079143
158.00,-9000.00,6.27553154e-04,0.062755
160.00,-10000.00,4.27879324e-04,0.042788
162.00,-11000.00,1.88124984e-04,0.018812
164.00,-12000.00,-7.56881674e-05,-0.007569
166.00,-13000.00,-3.45394203e-04,-0.034539
168.00,-14000.00,-6.02254774e-04,-0.060225
170.00,-15000.00,-8.29061568e-04,-0.082906
172.00,-16000.00,-1.01808113e-03,-0.101808
174.00,-17000.00,-1.16725344e-03,-0.116725
176.00,-18000.00,-1.28281302e-03,-0.128281
178.00,-19000.00,-1.36581897e-03,-0.136582
180.00,-20000.00,-1.42913472e-03,-0.142913
182.00,-21000.00,-1.48051887e-03,-0.148052
184.00,-22000.00,-1.51602529e-03,-0.151603
186.00,-23000.00,-1.54606866e-03,-0.154607
188.00,-24000.00,-1.57100440e-03,-0.157100
190.00,-25000.00,-1.59135334e-03,-0.159135
192.00,-26000.00,-1.61080050e-03,-0.161080
194.00,-27000.00,-1.62489743e-03,-0.162490
196.00,-28000.00,-1.64130954e-03,-0.164131
198.00,-29000.00,-1.65540019e-03,-0.165540
200.00,-30000.00,-1.66882601e-03,-0.166883
202.00,-31000.00,-1.68364138e-03,-0.168364
204.00,-32000.00,-1.69887282e-03,-0.169887
206.00,-33000.00,-1.71023112e-03,-0.171023
208.00,-34000.00,-1.72498757e-03,-0.172499
210.00,-35000.00,-1.73826939e-03,-0.173827
212.00,-36000.00,-1.75256005e-03,-0.175256
214.00,-37000.00,-1.76509652e-03,-0.176510
216.00,-38000.00,-1.77896329e-03,-0.177896
218.00,-39000.00,-1.79263369e-03,-0.179263
220.00,-40000.00,-1.80577744e-03,-0.180578
222.00,-41000.00,-1.81726519e-03,-0.181727
224.00,-42000.00,-1.83064758e-03,-0.183065
226.00,-43000.00,-1.84584311e-03,-0.184584
228.00,-44000.00,-1.85907114e-03,-0.185907
230.00,-45000.00,-1.87143087e-03,-0.187143
232.00,-46000.00,-1.88594550e-03,-0.188595
234.00,-47000.00,-1.89898816e-03,-0.189899
236.00,-48000.00,-1.91089468e-03,-0.191089
238.00,-49000.00,-1.92297711e-03,-0.192298
240.00,-50000.00,-1.93758773e-03,-0.193759
242.00,-51000.00,-1.95133938e-03,-0.195134
244.00,-52000.00,-1.96444744e-03,-0.196445
246.00,-53000.00,-1.97781251e-03,-0.197781
248.00,-54000.00,-1.99176240e-03,-0.199176
250.00,-55000.00,-2.00425646e-03,-0.200426
252.00,-56000.00,-2.01795414e-03,-0.201795
254.00,-57000.00,-2.03066078e-03,-0.203066
256.00,-58000.00,-2.04438326e-03,-0.204438
258.00,-59000.00,-2.05668437e-03,-0.205668
260.00,-60000.00,-2.07039706e-03,-0.207040
262.00,-61000.00,-2.08408320e-03,-0.208408
264.00,-62000.00,-2.09812352e-03,-0.209812
266.00,-63000.00,-2.10928704e-03,-0.210929
268.00,-64000.00,-2.12250164e-03,-0.212250
270.00,-65000.00,-2.13629781e-03,-0.213630
272.00,-66000.00,-2.14993075e-03,-0.214993
274.00,-67000.00,-2.16541673e-03,-0.216542
276.00,-68000.00,-2.17736803e-03,-0.217737
278.00,-69000.00,-2.18776830e-03,-0.218777
280.00,-70000.00,-2.20472955e-03,-0.220473
282.00,-70000.00,-2.20500307e-03,-0.220500
284.00,-69000.00,-2.19052218e-03,-0.219052
286.00,-68000.00,-2.17983114e-03,-0.217983
288.00,-67000.00,-2.16390729e-03,-0.216391
290.00,-66000.00,-2.15078766e-03,-0.215079
292.00,-65000.00,-2.13826801e-03,-0.213827
294.00,-64000.00,-2.12290532e-03,-0.212291
296.00,-63000.00,-2.11183108e-03,-0.211183
298.00,-62000.00,-2.09749049e-03,-0.209749
300.00,-61000.00,-2.08538516e-03,-0.208539
302.00,-60000.00,-2.07143517e-03,-0.207144
304.00,-59000.00,-2.05698938e-03,-0.205699
306.00,-58000.00,-2.04617778e-03,-0.204618
308.00,-57000.00,-2.02947594e-03,-0.202948
310.00,-56000.00,-2.01871836e-03,-0.201872
312.00,-55000.00,-2.00394429e-03,-0.200394
314.00,-54000.00,-1.98967292e-03,-0.198967
316.00,-53000.00,-1.97703207e-03,-0.197703
318.00,-52000.00,-1.96600469e-03,-0.196600
320.00,-51000.00,-1.94898747e-03,-0.194899
322.00,-50000.00,-1.93646765e-03,-0.193647
324.00,-49000.00,-1.92307108e-03,-0.192307
326.00,-48000.00,-1.91234604e-03,-0.191235
328.00,-47000.00,-1.89859939e-03,-0.189860
330.00,-46000.00,-1.88559801e-03,-0.188560
332.00,-45000.00,-1.87104359e-03,-0.187104
334.00,-44000.00,-1.85748557e-03,-0.185749
336.00,-43000.00,-1.84537326e-03,-0.184537
338.00,-42000.00,-1.83028234e-03,-0.183028
340.00,-41000.00,-1.81729694e-03,-0.181730
342.00,-40000.00,-1.80483319e-03,-0.180483
344.00,-39000.00,-1.79214461e-03,-0.179214
346.00,-38000.00,-1.78127984e-03,-0.178128
348.00,-37000.00,-1.76579050e-03,-0.176579
350.00,-36000.00,-1.75083060e-03,-0.175083
352.00,-35000.00,-1.74153146e-03,-0.174153
354.00,-34000.00,-1.72561093e-03,-0.172561
356.00,-33000.00,-1.71314169e-03,-0.171314
358.00,-32000.00,-1.69884312e-03,-0.169884
360.00,-31000.00,-1.68517561e-03,-0.168518
362.00,-30000.00,-1.67183494e-03,-0.167183
364.00,-29000.00,-1.66089496e-03,-0.166089
366.00,-28000.00,-1.64577210e-03,-0.164577
368.00,-27000.00,-1.63215204e-03,-0.163215
370.00,-26000.00,-1.61793922e-03,-0.161794
372.00,-25000.00,-1.60439449e-03,-0.160439
374.00,-24000.00,-1.59273925e-03,-0.159274
376.00,-23000.00,-1.57742671e-03,-0.157743
378.00,-22000.00,-1.56564503e-03,-0.156565
380.00,-21000.00,-1.55151733e-03,-0.155152
382.00,-20000.00,-1.53875410e-03,-0.153875
384.00,-19000.00,-1.52630293e-03,-0.152630
386.00,-18000.00,-1.51206701e-03,-0.151207
388.00,-17000.00,-1.49876640e-03,-0.149877
390.00,-16000.00,-1.48592346e-03,-0.148592
392.00,-15000.00,-1.47203768e-03,-0.147204
394.00,-14000.00,-1.46005447e-03,-0.146005
396.00,-13000.00,-1.44557690e-03,-0.144558
398.00,-12000.00,-1.43170364e-03,-0.143170
400.00,-11000.00,-1.42050197e-03,-0.142050
402.00,-10000.00,-1.40593839e-03,-0.140594
404.00,-9000.00,-1.39172848e-03,-0.139173
406.00,-8000.00,-1.37703026e-03,-0.137703
408.00,-7000.00,-1.36560159e-03,-0.136560
410.00,-6000.00,-1.35196750e-03,-0.135197
412.00,-5000.00,-1.33583380e-03,-0.133583
414.00,-4000.00,-1.32402999e-03,-0.132403
416.00,-3000.00,-1.30744967e-03,-0.130745
418.00,-2000.00,-1.29208596e-03,-0.129209
420.00,-1000.00,-1.27320300e-03,-0.127320
422.00,0.00,-1.25513838e-03,-0.125514
424.00,1000.00,-1.23419365e-03,-0.123419
426.00,2000.00,-1.20727260e-03,-0.120727
428.00,3000.00,-1.17699664e-03,-0.117700
430.00,4000.00,-1.13549936e-03,-0.113550
432.00,5000.00,-1.08395608e-03,-0.108396
434.00,6000.00,-1.01159442e-03,-0.101159
436.00,7000.00,-9.16797560e-04,-0.091680
438.00,8000.00,-7.91119070e-04,-0.079112
440.00,9000.00,-6.29895117e-04,-0.062990
442.00,10000.00,-4.25110127e-04,-0.042511
444.00,11000.00,-1.89151601e-04,-0.018915
446.00,12000.00,7.77319101e-05,0.007773
448.00,13000.00,3.45711904e-04,0.034571
450.00,14000.00,6.02985984e-04,0.060299
452.00,15000.00,8.29294205e-04,0.082929
454.00,16000.00,1.01713092e-03,0.101713
456.00,17000.00,1.16815227e-03,0.116815
458.00,18000.00,1.28107491e-03,0.128107
460.00,19000.00,1.36875322e-03,0.136875
462.00,20000.00,1.42994856e-03,0.142995
464.00,21000.00,1.47840376e-03,0.147840
466.00,22000.00,1.51777460e-03,0.151777
468.00,23000.00,1.54437843e-03,0.154438
470.00,24000.00,1.57196814e-03,0.157197
472.00,25000.00,1.59243497e-03,0.159243
474.00,26000.00,1.60763008e-03,0.160763
476.00,27000.00,1.62706993e-03,0.162707
478.00,28000.00,1.64175592e-03,0.164176
480.00,29000.00,1.65570426e-03,0.165570
482.00,30000.00,1.67054142e-03,0.167054
484.00,31000.00,1.68519667e-03,0.168520
486.00,32000.00,1.69812073e-03,0.169812
488.00,33000.00,1.71180641e-03,0.171181
490.00,34000.00,1.72491873e-03,0.172492
492.00,35000.00,1.73837170e-03,0.173837
494.00,36000.00,1.75080293e-03,0.175080
496.00,37000.00,1.76496758e-03,0.176497
498.00,38000.00,1.77816846e-03,0.177817
500.00,39000.00,1.79188963e-03,0.179189
502.00,40000.00,1.80380706e-03,0.180381
504.00,41000.00,1.81824194e-03,0.181824
506.00,42000.00,1.83059996e-03,0.183060
508.00,43000.00,1.84442652e-03,0.184443
510.00,44000.00,1.85812465e-03,0.185812
512.00,45000.00,1.87070609e-03,0.187071
514.00,46000.00,1.88634594e-03,0.188635
516.00,47000.00,1.89907647e-03,0.189908
518.00,48000.00,1.91270969e-03,0.191271
520.00,49000.00,1.92635066e-03,0.192635
522.00,50000.00,1.93712770e-03,0.193713
524.00,51000.00,1.95176951e-03,0.195177
526.00,52000.00,1.96491684e-03,0.196492
528.00,53000.00,1.97817032e-03,0.197817
530.00,54000.00,1.99162795e-03,0.199163
532.00,55000.00,2.00396338e-03,0.200396
534.00,56000.00,2.01645194e-03,0.201645
536.00,57000.00,2.03044024e-03,0.203044
538.00,58000.00,2.04383573e-03,0.204384
540.00,59000.00,2.05744004e-03,0.205744
542.00,60000.00,2.07127954e-03,0.207128
544.00,61000.00,2.08344629e-03,0.208345
546.00,62000.00,2.09645432e-03,0.209645
548.00,63000.00,2.11053917e-03,0.211054
550.00,64000.00,2.12359190e-03,0.212359
552.00,65000.00,2.13769391e-03,0.213769
554.00,66000.00,2.14924903e-03,0.214925
556.00,67000.00,2.16394282e-03,0.216394
558.00,68000.00,2.17724891e-03,0.217725
560.00,69000.00,2.19028979e-03,0.219029
562.00,70000.00,2.20448329e-03,0.220448
