; SYNTHETIC DATA – not measured – generated by make_demo_data.py
[Header]
FILE OPEN TIME, 06/20/2025 12:00:00 PM
INFO, Synthetic MPMS3 SQUID VSM Data
SAMPLE_DIAMETER_UM, 5
IS_ANNEALED, False
[Data]
Time,Magnetic Field (Oe),Moment (emu),Volts (V)
0.00,70000.00,1.75464103e-03,0.175464
2.00,69000.00,1.74251325e-03,0.174251
4.00,68000.00,1.72763688e-03,0.172764
6.00,67000.00,1.71355914e-03,0.171356
8.00,66000.00,1.70056204e-03,0.170056
10.00,65000.00,1.68983823e-03,0.168984
12.00,64000.00,1.67441037e-03,0.167441
14.00,63000.00,1.66027715e-03,0.166028
16.00,62000.00,1.64785849e-03,0.164786
18.00,61000.00,1.63515905e-03,0.163516
20.00,60000.00,1.62184788e-03,0.162185
22.00,59000.00,1.61012381e-03,0.161012
24.00,58000.00,1.59476938e-03,0.159477
26.00,57000.00,1.58011513e-03,0.158012
28.00,56000.00,1.56986964e-03,0.156987
30.00,55000.00,1.55534779e-03,0.155535
32.00,54000.00,1.54206078e-03,0.154206
34.00,53000.00,1.52778175e-03,0.152778
36.00,52000.00,1.51412514e-03,0.151413
38.00,51000.00,1.50344155e-03,0.150344
40.00,50000.00,1.48704306e-03,0.148704
42.00,49000.00,1.47464065e-03,0.147464
44.00,48000.00,1.46081390e-03,0.146081
46.00,47000.00,1.45010446e-03,0.145010
48.00,46000.00,1.43568304e-03,0.143568
50.00,45000.00,1.42135248e-03,0.142135
52.00,44000.00,1.40947393e-03,0.140947
54.00,43000.00,1.39740523e-03,0.139741
56.00,42000.00,1.38119796e-03,0.138120
58.00,41000.00,1.36796713e-03,0.136797
60.00,40000.00,1.35596056e-03,0.135596
62.00,39000.00,1.34250314e-03,0.134250
64.00,38000.00,1.32782449e-03,0.132782
66.00,37000.00,1.31502181e-03,0.131502
68.00,36000.00,1.30234062e-03,0.130234
70.00,35000.00,1.28992355e-03,0.128992
72.00,34000.00,1.27427159e-03,0.127427
74.00,33000.00,1.26312985e-03,0.126313
76.00,32000.00,1.24966409e-03,0.124966
78.00,31000.00,1.23791302e-03,0.123791
80.00,30000.00,1.22015363e-03,0.122015
82.00,29000.00,1.20890453e-03,0.120890
84.00,28000.00,1.19554431e-03,0.119554
86.00,27000.00,1.18416550e-03,0.118417
88.00,26000.00,1.16813090e-03,0.116813
90.00,25000.00,1.15543375e-03,0.115543
92.00,24000.00,1.14291641e-03,0.114292
94.00,23000.00,1.12992859e-03,0.112993
96.00,22000.00,1.11642508e-03,0.111643
98.00,21000.00,1.10119922e-03,0.110120
100.00,20000.00,1.09101408e-03,0.109101
102.00,19000.00,1.07475642e-03,0.107476
104.00,18000.00,1.06221645e-03,0.106222
106.00,17000.00,1.04885635e-03,0.104886
108.00,16000.00,1.03332389e-03,0.103332
110.00,15000.00,1.01962662e-03,0.101963
112.00,14000.00,1.00226616e-03,0.100227
114.00,13000.00,9.87470260e-04,0.098747
116.00,12000.00,9.69418170e-04,0.096942
118.00,11000.00,9.48670902e-04,0.094867
120.00,10000.00,9.26768623e-04,0.092677
122.00,9000.00,8.99180651e-04,0.089918
124.00,8000.00,8.67587413e-04,0.086759
126.00,7000.00,8.23044298e-04,0.082304
128.00,6000.00,7.67092958e-04,0.076709
130.00,5000.00,6.96727475e-04,0.069673
132.00,4000.00,6.04013956e-04,0.060401
134.00,3000.00,4.90374491e-04,0.049037
136.00,2000.00,3.47993757e-04,0.034799
138.00,1000.00,1.83469161e-04,0.018347
140.00,0.00,6.92818628e-06,0.000693
142.00,-1000.00,-1.65980123e-04,-0.016598
144.00,-2000.00,-3.32554492e-04,-0.033255
146.00,-3000.00,-4.78453880e-04,-0.047845
148.00,-4000.00,-5.95297011e-04,-0.059530
150.00,-5000.00,-6.92259558e-04,-0.069226
152.00,-6000.00,-7.62675987e-04,-0.076268
154.00,-7000.00,-8.20129398e-04,-0.082013
156.00,-8000.00,-8.65513792e-04,-0.086551
158.00,-9000.00,-8.99316741e-04,-0.089932
160.00,-10000.00,-9.28745635e-04,-0.092875
162.00,-11000.00,-9.47700528e-04,-0.094770
164.00,-12000.00,-9.69400810e-04,-0.096940
166.00,-13000.00,-9.86572640e-04,-0.098657
168.00,-14000.00,-1.00221230e-03,-0.100221
170.00,-15000.00,-1.01938316e-03,-0.101938
172.00,-16000.00,-1.03422652e-03,-0.103423
174.00,-17000.00,-1.04834820e-03,-0.104835
176.00,-18000.00,-1.06142077e-03,-0.106142
178.00,-19000.00,-1.07636549e-03,-0.107637
180.00,-20000.00,-1.08942024e-03,-0.108942
182.00,-21000.00,-1.10222337e-03,-0.110222
184.00,-22000.00,-1.11579521e-03,-0.111580
186.00,-23000.00,-1.12994743e-03,-0.112995
188.00,-24000.00,-1.14386827e-03,-0.114387
190.00,-25000.00,-1.15663898e-03,-0.115664
192.00,-26000.00,-1.16865294e-03,-0.116865
194.00,-27000.00,-1.18122215e-03,-0.118122
196.00,-28000.00,-1.19473110e-03,-0.119473
198.00,-29000.00,-1.20958099e-03,-0.120958
200.00,-30000.00,-1.22188015e-03,-0.122188
202.00,-31000.00,-1.23546117e-03,-0.123546
204.00,-32000.00,-1.24755730e-03,-0.124756
206.00,-33000.00,-1.26332910e-03,-0.126333
208.00,-34000.00,-1.27448705e-03,-0.127449
210.00,-35000.00,-1.28864838e-03,-0.128865
212.00,-36000.00,-1.30252668e-03,-0.130253
214.00,-37000.00,-1.31297738e-03,-0.131298
216.00,-38000.00,-1.32696762e-03,-0.132697
218.00,-39000.00,-1.34394681e-03,-0.134395
220.00,-40000.00,-1.35542062e-03,-0.135542
222.00,-41000.00,-1.36805362e-03,-0.136805
224.00,-42000.00,-1.38094334e-03,-0.138094
226.00,-43000.00,-1.39677102e-03,-0.139677
228.00,-44000.00,-1.40827657e-03,-0.140828
230.00,-45000.00,-1.42181114e-03,-0.142181
232.00,-46000.00,-1.43620141e-03,-0.143620
234.00,-47000.00,-1.44779359e-03,-0.144779
236.00,-48000.00,-1.46253254e-03,-0.146253
238.00,-49000.00,-1.47530713e-03,-0.147531
240.00,-50000.00,-1.48962498e-03,-0.148962
242.00,-51000.00,-1.50135882e-03,-0.150136
244.00,-52000.00,-1.51461960e-03,-0.151462
246.00,-53000.00,-1.52880849e-03,-0.152881
248.00,-54000.00,-1.54269482e-03,-0.154269
250.00,-55000.00,-1.55505885e-03,-0.155506
252.00,-56000.00,-1.56808468e-03,-0.156808
254.00,-57000.00,-1.58147289e-03,-0.158147
256.00,-58000.00,-1.59523669e-03,-0.159524
258.00,-59000.00,-1.60715856e-03,-0.160716
260.00,-60000.00,-1.62193838e-03,-0.162194
262.00,-61000.00,-1.63479181e-03,-0.163479
264.00,-62000.00,-1.64645678e-03,-0.164646
266.00,-63000.00,-1.66238789e-03,-0.166239
268.00,-64000.00,-1.67472407e-03,-0.167472
270.00,-65000.00,-1.68774728e-03,-0.168775
272.00,-66000.00,-1.70219107e-03,-0.170219
274.00,-67000.00,-1.71617334e-03,-0.171617
276.00,-68000.00,-1.72902858e-03,-0.172903
278.00,-69000.00,-1.74360285e-03,-0.174360
280.00,-70000.00,-1.75456759e-03,-0.175457
282.00,-70000.00,-1.75465164e-03,-0.175465
284.00,-69000.00,-1.74049990e-03,-0.174050
286.00,-68000.00,-1.72590462e-03,-0.172590
288.00,-67000.00,-1.71447689e-03,-0.171448
290.00,-66000.00,-1.70114682e-03,-0.170115
292.00,-65000.00,-1.68752871e-03,-0.168753
294.00,-64000.00,-1.67530681e-03,-0.167531
296.00,-63000.00,-1.66313455e-03,-0.166313
298.00,-62000.00,-1.64900300e-03,-0.164900
300.00,-61000.00,-1.63469953e-03,-0.163470
302.00,-60000.00,-1.62159403e-03,-0.162159
304.00,-59000.00,-1.60823257e-03,-0.160823
306.00,-58000.00,-1.59564535e-03,-0.159565
308.00,-57000.00,-1.58161906e-03,-0.158162
310.00,-56000.00,-1.56873367e-03,-0.156873
312.00,-55000.00,-1.55524608e-03,-0.155525
314.00,-54000.00,-1.54318308e-03,-0.154318
316.00,-53000.00,-1.52941723e-03,-0.152942
318.00,-52000.00,-1.51516903e-03,-0.151517
320.00,-51000.00,-1.50022259e-03,-0.150022
322.00,-50000.00,-1.48847898e-03,-0.148848
324.00,-49000.00,-1.47462600e-03,-0.147463
326.00,-48000.00,-1.45991469e-03,-0.145991
328.00,-47000.00,-1.44837414e-03,-0.144837
330.00,-46000.00,-1.43570864e-03,-0.143571
332.00,-45000.00,-1.42421805e-03,-0.142422
334.00,-44000.00,-1.40914770e-03,-0.140915
336.00,-43000.00,-1.39414936e-03,-0.139415
338.00,-42000.00,-1.38326840e-03,-0.138327
340.00,-41000.00,-1.36926519e-03,-0.136927
342.00,-40000.00,-1.35577476e-03,-0.135577
344.00,-39000.00,-1.34203542e-03,-0.134204
346.00,-38000.00,-1.33012362e-03,-0.133012
348.00,-37000.00,-1.31480592e-03,-0.131481
350.00,-36000.00,-1.30174325e-03,-0.130174
352.00,-35000.00,-1.29018972e-03,-0.129019
354.00,-34000.00,-1.27888584e-03,-0.127889
356.00,-33000.00,-1.26181700e-03,-0.126182
358.00,-32000.00,-1.24902143e-03,-0.124902
360.00,-31000.00,-1.23584017e-03,-0.123584
362.00,-30000.00,-1.22456462e-03,-0.122456
364.00,-29000.00,-1.21017412e-03,-0.121017
366.00,-28000.00,-1.19627152e-03,-0.119627
368.00,-27000.00,-1.18240343e-03,-0.118240
370.00,-26000.00,-1.16946076e-03,-0.116946
372.00,-25000.00,-1.15497975e-03,-0.115498
374.00,-24000.00,-1.14392580e-03,-0.114393
376.00,-23000.00,-1.13066901e-03,-0.113067
378.00,-22000.00,-1.11602083e-03,-0.111602
380.00,-21000.00,-1.10121601e-03,-0.110122
382.00,-20000.00,-1.09048947e-03,-0.109049
384.00,-19000.00,-1.07706480e-03,-0.107706
386.00,-18000.00,-1.05993279e-03,-0.105993
388.00,-17000.00,-1.04869611e-03,-0.104870
390.00,-16000.00,-1.03359686e-03,-0.103360
392.00,-15000.00,-1.01759246e-03,-0.101759
394.00,-14000.00,-1.00494593e-03,-0.100495
396.00,-13000.00,-9.87513681e-04,-0.098751
398.00,-12000.00,-9.69455414e-04,-0.096946
400.00,-11000.00,-9.50460466e-04,-0.095046
402.00,-10000.00,-9.27870556e-04,-0.092787
404.00,-9000.00,-9.01022051e-04,-0.090102
406.00,-8000.00,-8.67091387e-04,-0.086709
408.00,-7000.00,-8.22799047e-04,-0.082280
410.00,-6000.00,-7.71174080e-04,-0.077117
412.00,-5000.00,-6.96552631e-04,-0.069655
414.00,-4000.00,-6.04446274e-04,-0.060445
416.00,-3000.00,-4.87666261e-04,-0.048767
418.00,-2000.00,-3.46112930e-04,-0.034611
420.00,-1000.00,-1.83369383e-04,-0.018337
422.00,0.00,-7.12596788e-06,-0.000713
424.00,1000.00,1.66175699e-04,0.016618
426.00,2000.00,3.33643290e-04,0.033364
428.00,3000.00,4.77362947e-04,0.047736
430.00,4000.00,5.95750760e-04,0.059575
432.00,5000.00,6.90316867e-04,0.069032
434.00,6000.00,7.64957728e-04,0.076496
436.00,7000.00,8.22742481e-04,0.082274
438.00,8000.00,8.66009715e-04,0.086601
440.00,9000.00,9.00087899e-04,0.090009
442.00,10000.00,9.24398174e-04,0.092440
444.00,11000.00,9.51372799e-04,0.095137
446.00,12000.00,9.69571950e-04,0.096957
448.00,13000.00,9.86578421e-04,0.098658
450.00,14000.00,1.00391293e-03,0.100391
452.00,15000.00,1.02021685e-03,0.102022
454.00,16000.00,1.03173248e-03,0.103173
456.00,17000.00,1.04862717e-03,0.104863
458.00,18000.00,1.06115800e-03,0.106116
460.00,19000.00,1.07554172e-03,0.107554
462.00,20000.00,1.08868104e-03,0.108868
464.00,21000.00,1.10329018e-03,0.110329
466.00,22000.00,1.11600339e-03,0.111600
468.00,23000.00,1.12853626e-03,0.112854
470.00,24000.00,1.14171455e-03,0.114171
472.00,25000.00,1.15541330e-03,0.115541
474.00,26000.00,1.16993373e-03,0.116993
476.00,27000.00,1.18182742e-03,0.118183
478.00,28000.00,1.19680644e-03,0.119681
480.00,29000.00,1.21057778e-03,0.121058
482.00,30000.00,1.22284060e-03,0.122284
484.00,31000.00,1.23371255e-03,0.123371
486.00,32000.00,1.24960488e-03,0.124960
488.00,33000.00,1.26304742e-03,0.126305
490.00,34000.00,1.27676305e-03,0.127676
492.00,35000.00,1.28938130e-03,0.128938
494.00,36000.00,1.30389656e-03,0.130390
496.00,37000.00,1.31728360e-03,0.131728
498.00,38000.00,1.32909076e-03,0.132909
500.00,39000.00,1.34316240e-03,0.134316
502.00,40000.00,1.35764801e-03,0.135765
504.00,41000.00,1.36961911e-03,0.136962
506.00,42000.00,1.38268995e-03,0.138269
508.00,43000.00,1.39765684e-03,0.139766
510.00,44000.00,1.40666701e-03,0.140667
512.00,45000.00,1.42364162e-03,0.142364
514.00,46000.00,1.43508920e-03,0.143509
516.00,47000.00,1.44640705e-03,0.144641
518.00,48000.00,1.46300171e-03,0.146300
520.00,49000.00,1.47684430e-03,0.147684
522.00,50000.00,1.48855089e-03,0.148855
524.00,51000.00,1.50249751e-03,0.150250
526.00,52000.00,1.51638172e-03,0.151638
528.00,53000.00,1.52805542e-03,0.152806
530.00,54000.00,1.54215462e-03,0.154215
532.00,55000.00,1.55590739e-03,0.155591
534.00,56000.00,1.56768478e-03,0.156768
536.00,57000.00,1.58161392e-03,0.158161
538.00,58000.00,1.59404896e-03,0.159405
540.00,59000.00,1.60724056e-03,0.160724
542.00,60000.00,1.62147014e-03,0.162147
544.00,61000.00,1.63531305e-03,0.163531
546.00,62000.00,1.64841553e-03,0.164842
548.00,63000.00,1.66215771e-03,0.166216
550.00,64000.00,1.67556833e-03,0.167557
552.00,65000.00,1.68883817e-03,0.168884
554.00,66000.00,1.70079132e-03,0.170079
556.00,67000.00,1.71432939e-03,0.171433
558.00,68000.00,1.72659234e-03,0.172659
560.00,69000.00,1.74294582e-03,0.174295
562.00,70000.00,1.75551343e-03,0.175551
