; SYNTHETIC DATA – not measured – generated by make_demo_data.py
[Header]
FILE OPEN TIME, 06/20/2025 12:00:00 PM
INFO, Synthetic MPMS3 SQUID VSM Data
SAMPLE_DIAMETER_UM, 3
IS_ANNEALED, False
[Data]
Time,Magnetic Field (Oe),Moment (emu),Volts (V)
0.00,70000.00,1.76138018e-03,0.176138
2.00,69000.00,1.74602355e-03,0.174602
4.00,68000.00,1.73577673e-03,0.173578
6.00,67000.00,1.72061991e-03,0.172062
8.00,66000.00,1.70804519e-03,0.170805
10.00,65000.00,1.69498739e-03,0.169499
12.00,64000.00,1.68115559e-03,0.168116
14.00,63000.00,1.66779065e-03,0.166779
16.00,62000.00,1.65296926e-03,0.165297
18.00,61000.00,1.64082886e-03,0.164083
20.00,60000.00,1.62716868e-03,0.162717
22.00,59000.00,1.61441282e-03,0.161441
24.00,58000.00,1.59841103e-03,0.159841
26.00,57000.00,1.58625361e-03,0.158625
28.00,56000.00,1.57421805e-03,0.157422
30.00,55000.00,1.56146990e-03,0.156147
32.00,54000.00,1.54770975e-03,0.154771
34.00,53000.00,1.53350934e-03,0.153351
36.00,52000.00,1.52071801e-03,0.152072
38.00,51000.00,1.50758183e-03,0.150758
40.00,50000.00,1.49165313e-03,0.149165
42.00,49000.00,1.48062413e-03,0.148062
44.00,48000.00,1.46734906e-03,0.146735
46.00,47000.00,1.45413969e-03,0.145414
48.00,46000.00,1.44182924e-03,0.144183
50.00,45000.00,1.42707985e-03,0.142708
52.00,44000.00,1.41535617e-03,0.141536
54.00,43000.00,1.40192960e-03,0.140193
56.00,42000.00,1.38874934e-03,0.138875
58.00,41000.00,1.37526455e-03,0.137526
60.00,40000.00,1.36276083e-03,0.136276
62.00,39000.00,1.35041503e-03,0.135042
64.00,38000.00,1.33491280e-03,0.133491
66.00,37000.00,1.32099809e-03,0.132100
68.00,36000.00,1.30882676e-03,0.130883
70.00,35000.00,1.29730202e-03,0.129730
72.00,34000.00,1.28194743e-03,0.128195
74.00,33000.00,1.26838534e-03,0.126839
76.00,32000.00,1.25466651e-03,0.125467
78.00,31000.00,1.24092999e-03,0.124093
80.00,30000.00,1.22760569e-03,0.122761
82.00,29000.00,1.21825879e-03,0.121826
84.00,28000.00,1.20137900e-03,0.120138
86.00,27000.00,1.18758347e-03,0.118758
88.00,26000.00,1.17521055e-03,0.117521
90.00,25000.00,1.16287646e-03,0.116288
92.00,24000.00,1.14771279e-03,0.114771
94.00,23000.00,1.13471424e-03,0.113471
96.00,22000.00,1.12199273e-03,0.112199
98.00,21000.00,1.10946555e-03,0.110947
100.00,20000.00,1.09392477e-03,0.109392
102.00,19000.00,1.08179357e-03,0.108179
104.00,18000.00,1.06970659e-03,0.106971
106.00,17000.00,1.05303510e-03,0.105304
108.00,16000.00,1.03863571e-03,0.103864
110.00,15000.00,1.02552729e-03,0.102553
112.00,14000.00,1.01064727e-03,0.101065
114.00,13000.00,9.93317766e-04,0.099332
116.00,12000.00,9.76046133e-04,0.097605
118.00,11000.00,9.56862127e-04,0.095686
120.00,10000.00,9.34258387e-04,0.093426
122.00,9000.00,9.06219864e-04,0.090622
124.00,8000.00,8.73225798e-04,0.087323
126.00,7000.00,8.27743891e-04,0.082774
128.00,6000.00,7.74356059e-04,0.077436
130.00,5000.00,7.01184483e-04,0.070118
132.00,4000.00,6.09692918e-04,0.060969
134.00,3000.00,4.91778293e-04,0.049178
136.00,2000.00,3.50947115e-04,0.035095
138.00,1000.00,1.85648040e-04,0.018565
140.00,0.00,8.95879944e-06,0.000896
142.00,-1000.00,-1.68265585e-04,-0.016827
144.00,-2000.00,-3.33528762e-04,-0.033353
146.00,-3000.00,-4.79475206e-04,-0.047948
148.00,-4000.00,-6.00382664e-04,-0.060038
150.00,-5000.00,-6.95587774e-04,-0.069559
152.00,-6000.00,-7.68228786e-04,-0.076823
154.00,-7000.00,-8.24003224e-04,-0.082400
156.00,-8000.00,-8.70547362e-04,-0.087055
158.00,-9000.00,-9.03514588e-04,-0.090351
160.00,-10000.00,-9.33558966e-04,-0.093356
162.00,-11000.00,-9.54658042e-04,-0.095466
164.00,-12000.00,-9.75844766e-04,-0.097584
166.00,-13000.00,-9.93263079e-04,-0.099326
168.00,-14000.00,-1.00825138e-03,-0.100825
170.00,-15000.00,-1.02281409e-03,-0.102281
172.00,-16000.00,-1.03994978e-03,-0.103995
174.00,-17000.00,-1.05488016e-03,-0.105488
176.00,-18000.00,-1.06868521e-03,-0.106869
178.00,-19000.00,-1.08112781e-03,-0.108113
180.00,-20000.00,-1.09522606e-03,-0.109523
182.00,-21000.00,-1.10906165e-03,-0.110906
184.00,-22000.00,-1.12293393e-03,-0.112293
186.00,-23000.00,-1.13553507e-03,-0.113554
188.00,-24000.00,-1.14937212e-03,-0.114937
190.00,-25000.00,-1.16097352e-03,-0.116097
192.00,-26000.00,-1.17572630e-03,-0.117573
194.00,-27000.00,-1.18723061e-03,-0.118723
196.00,-28000.00,-1.20107304e-03,-0.120107
198.00,-29000.00,-1.21450066e-03,-0.121450
200.00,-30000.00,-1.22833158e-03,-0.122833
202.00,-31000.00,-1.24323343e-03,-0.124323
204.00,-32000.00,-1.25438968e-03,-0.125439
206.00,-33000.00,-1.26726216e-03,-0.126726
208.00,-34000.00,-1.28206019e-03,-0.128206
210.00,-35000.00,-1.29651820e-03,-0.129652
212.00,-36000.00,-1.30962874e-03,-0.130963
214.00,-37000.00,-1.32278543e-03,-0.132279
216.00,-38000.00,-1.33622670e-03,-0.133623
218.00,-39000.00,-1.34668666e-03,-0.134669
220.00,-40000.00,-1.36155824e-03,-0.136156
222.00,-41000.00,-1.37389370e-03,-0.137389
224.00,-42000.00,-1.38902554e-03,-0.138903
226.00,-43000.00,-1.40064781e-03,-0.140065
228.00,-44000.00,-1.41427879e-03,-0.141428
230.00,-45000.00,-1.42717149e-03,-0.142717
232.00,-46000.00,-1.44217004e-03,-0.144217
234.00,-47000.00,-1.45498026e-03,-0.145498
236.00,-48000.00,-1.46897824e-03,-0.146898
238.00,-49000.00,-1.48295632e-03,-0.148296
240.00,-50000.00,-1.49590198e-03,-0.149590
242.00,-51000.00,-1.50816217e-03,-0.150816
244.00,-52000.00,-1.52173026e-03,-0.152173
246.00,-53000.00,-1.53554306e-03,-0.153554
248.00,-54000.00,-1.54869600e-03,-0.154870
250.00,-55000.00,-1.56030355e-03,-0.156030
252.00,-56000.00,-1.57398214e-03,-0.157398
254.00,-57000.00,-1.58697051e-03,-0.158697
256.00,-58000.00,-1.60062888e-03,-0.160063
258.00,-59000.00,-1.61435697e-03,-0.161436
260.00,-60000.00,-1.62669145e-03,-0.162669
262.00,-61000.00,-1.64098138e-03,-0.164098
264.00,-62000.00,-1.65453036e-03,-0.165453
266.00,-63000.00,-1.66739693e-03,-0.166740
268.00,-64000.00,-1.68017125e-03,-0.168017
270.00,-65000.00,-1.69506360e-03,-0.169506
272.00,-66000.00,-1.70779866e-03,-0.170780
274.00,-67000.00,-1.72188605e-03,-0.172189
276.00,-68000.00,-1.73394452e-03,-0.173394
278.00,-69000.00,-1.74764683e-03,-0.174765
280.00,-70000.00,-1.75924703e-03,-0.175925
282.00,-70000.00,-1.76174891e-03,-0.176175
284.00,-69000.00,-1.74736891e-03,-0.174737
286.00,-68000.00,-1.73238522e-03,-0.173239
288.00,-67000.00,-1.71863707e-03,-0.171864
290.00,-66000.00,-1.70986183e-03,-0.170986
292.00,-65000.00,-1.69376039e-03,-0.169376
294.00,-64000.00,-1.68245787e-03,-0.168246
296.00,-63000.00,-1.66841868e-03,-0.166842
298.00,-62000.00,-1.65372192e-03,-0.165372
300.00,-61000.00,-1.64049852e-03,-0.164050
302.00,-60000.00,-1.62538798e-03,-0.162539
304.00,-59000.00,-1.61480069e-03,-0.161480
306.00,-58000.00,-1.60048033e-03,-0.160048
308.00,-57000.00,-1.58713341e-03,-0.158713
310.00,-56000.00,-1.57353771e-03,-0.157354
312.00,-55000.00,-1.56161407e-03,-0.156161
314.00,-54000.00,-1.54677482e-03,-0.154677
316.00,-53000.00,-1.53587337e-03,-0.153587
318.00,-52000.00,-1.52194035e-03,-0.152194
320.00,-51000.00,-1.50801878e-03,-0.150802
322.00,-50000.00,-1.49388319e-03,-0.149388
324.00,-49000.00,-1.48190720e-03,-0.148191
326.00,-48000.00,-1.46770868e-03,-0.146771
328.00,-47000.00,-1.45281083e-03,-0.145281
330.00,-46000.00,-1.44267924e-03,-0.144268
332.00,-45000.00,-1.42783589e-03,-0.142784
334.00,-44000.00,-1.41471702e-03,-0.141472
336.00,-43000.00,-1.40415260e-03,-0.140415
338.00,-42000.00,-1.38965676e-03,-0.138966
340.00,-41000.00,-1.37538843e-03,-0.137539
342.00,-40000.00,-1.36182324e-03,-0.136182
344.00,-39000.00,-1.34979733e-03,-0.134980
346.00,-38000.00,-1.33545163e-03,-0.133545
348.00,-37000.00,-1.32151544e-03,-0.132152
350.00,-36000.00,-1.30821429e-03,-0.130821
352.00,-35000.00,-1.29472237e-03,-0.129472
354.00,-34000.00,-1.28177755e-03,-0.128178
356.00,-33000.00,-1.26711605e-03,-0.126712
358.00,-32000.00,-1.25655298e-03,-0.125655
360.00,-31000.00,-1.24073720e-03,-0.124074
362.00,-30000.00,-1.22758551e-03,-0.122759
364.00,-29000.00,-1.21492528e-03,-0.121493
366.00,-28000.00,-1.20066330e-03,-0.120066
368.00,-27000.00,-1.18936795e-03,-0.118937
370.00,-26000.00,-1.17448741e-03,-0.117449
372.00,-25000.00,-1.16117487e-03,-0.116117
374.00,-24000.00,-1.15019721e-03,-0.115020
376.00,-23000.00,-1.13584320e-03,-0.113584
378.00,-22000.00,-1.12335829e-03,-0.112336
380.00,-21000.00,-1.10874910e-03,-0.110875
382.00,-20000.00,-1.09611079e-03,-0.109611
384.00,-19000.00,-1.08218256e-03,-0.108218
386.00,-18000.00,-1.06873527e-03,-0.106874
388.00,-17000.00,-1.05319107e-03,-0.105319
390.00,-16000.00,-1.03914983e-03,-0.103915
392.00,-15000.00,-1.02409892e-03,-0.102410
394.00,-14000.00,-1.00906900e-03,-0.100907
396.00,-13000.00,-9.94573276e-04,-0.099457
398.00,-12000.00,-9.76455754e-04,-0.097646
400.00,-11000.00,-9.56173535e-04,-0.095617
402.00,-10000.00,-9.33042764e-04,-0.093304
404.00,-9000.00,-9.06494424e-04,-0.090649
406.00,-8000.00,-8.72704379e-04,-0.087270
408.00,-7000.00,-8.29549770e-04,-0.082955
410.00,-6000.00,-7.73153590e-04,-0.077315
412.00,-5000.00,-7.02942502e-04,-0.070294
414.00,-4000.00,-6.07571840e-04,-0.060757
416.00,-3000.00,-4.91930934e-04,-0.049193
418.00,-2000.00,-3.48987982e-04,-0.034899
420.00,-1000.00,-1.85676652e-04,-0.018568
422.00,0.00,-8.20472257e-06,-0.000820
424.00,1000.00,1.69782267e-04,0.016978
426.00,2000.00,3.35877853e-04,0.033588
428.00,3000.00,4.78863329e-04,0.047886
430.00,4000.00,5.99467500e-04,0.059947
432.00,5000.00,6.95562349e-04,0.069556
434.00,6000.00,7.69009732e-04,0.076901
436.00,7000.00,8.24309312e-04,0.082431
438.00,8000.00,8.71475664e-04,0.087148
440.00,9000.00,9.04305705e-04,0.090431
442.00,10000.00,9.33365989e-04,0.093337
444.00,11000.00,9.55512731e-04,0.095551
446.00,12000.00,9.78092178e-04,0.097809
448.00,13000.00,9.92979172e-04,0.099298
450.00,14000.00,1.01043767e-03,0.101044
452.00,15000.00,1.02670217e-03,0.102670
454.00,16000.00,1.04031781e-03,0.104032
456.00,17000.00,1.05242144e-03,0.105242
458.00,18000.00,1.06802994e-03,0.106803
460.00,19000.00,1.08076927e-03,0.108077
462.00,20000.00,1.09594789e-03,0.109595
464.00,21000.00,1.10801485e-03,0.110801
466.00,22000.00,1.12095926e-03,0.112096
468.00,23000.00,1.13537779e-03,0.113538
470.00,24000.00,1.15086947e-03,0.115087
472.00,25000.00,1.16442581e-03,0.116443
474.00,26000.00,1.17525844e-03,0.117526
476.00,27000.00,1.18966163e-03,0.118966
478.00,28000.00,1.20277390e-03,0.120277
480.00,29000.00,1.21425780e-03,0.121426
482.00,30000.00,1.22915797e-03,0.122916
484.00,31000.00,1.24123424e-03,0.124123
486.00,32000.00,1.25595029e-03,0.125595
488.00,33000.00,1.26970088e-03,0.126970
490.00,34000.00,1.28195319e-03,0.128195
492.00,35000.00,1.29599411e-03,0.129599
494.00,36000.00,1.30978516e-03,0.130979
496.00,37000.00,1.32067799e-03,0.132068
498.00,38000.00,1.33458803e-03,0.133459
500.00,39000.00,1.34792043e-03,0.134792
502.00,40000.00,1.36147447e-03,0.136147
504.00,41000.00,1.37673790e-03,0.137674
506.00,42000.00,1.38869963e-03,0.138870
508.00,43000.00,1.40267855e-03,0.140268
510.00,44000.00,1.41527781e-03,0.141528
512.00,45000.00,1.42800041e-03,0.142800
514.00,46000.00,1.44192302e-03,0.144192
516.00,47000.00,1.45538814e-03,0.145539
518.00,48000.00,1.46703324e-03,0.146703
520.00,49000.00,1.48074369e-03,0.148074
522.00,50000.00,1.49471288e-03,0.149471
524.00,51000.00,1.50693951e-03,0.150694
526.00,52000.00,1.52087319e-03,0.152087
528.00,53000.00,1.53409389e-03,0.153409
530.00,54000.00,1.54909145e-03,0.154909
532.00,55000.00,1.56094958e-03,0.156095
534.00,56000.00,1.57654909e-03,0.157655
536.00,57000.00,1.58685389e-03,0.158685
538.00,58000.00,1.60091020e-03,0.160091
540.00,59000.00,1.61429079e-03,0.161429
542.00,60000.00,1.62851450e-03,0.162851
544.00,61000.00,1.63921888e-03,0.163922
546.00,62000.00,1.65527085e-03,0.165527
548.00,63000.00,1.66840521e-03,0.166841
550.00,64000.00,1.68114461e-03,0.168114
552.00,65000.00,1.69443983e-03,0.169444
554.00,66000.00,1.70600679e-03,0.170601
556.00,67000.00,1.72104865e-03,0.172105
558.00,68000.00,1.73342114e-03,0.173342
560.00,69000.00,1.74828994e-03,0.174829
562.00,70000.00,1.76023362e-03,0.176023
