; SYNTHETIC DATA – not measured – generated by make_demo_data.py
[Header]
FILE OPEN TIME, 06/20/2025 12:00:00 PM
INFO, Synthetic MPMS3 SQUID VSM Data
SAMPLE_DIAMETER_UM, 8
IS_ANNEALED, False
[Data]
Time,Magnetic Field (Oe),Moment (emu),Volts (V)
0.00,70000.00,1.79124264e-03,0.179124
2.00,69000.00,1.77791213e-03,0.177791
4.00,68000.00,1.76502994e-03,0.176503
6.00,67000.00,1.75207245e-03,0.175207
8.00,66000.00,1.73829598e-03,0.173830
10.00,65000.00,1.72498486e-03,0.172498
12.00,64000.00,1.71036917e-03,0.171037
14.00,63000.00,1.69878455e-03,0.169878
16.00,62000.00,1.68458098e-03,0.168458
18.00,61000.00,1.67259646e-03,0.167260
20.00,60000.00,1.65961968e-03,0.165962
22.00,59000.00,1.64337386e-03,0.164337
24.00,58000.00,1.63303627e-03,0.163304
26.00,57000.00,1.61772551e-03,0.161773
28.00,56000.00,1.60406890e-03,0.160407
30.00,55000.00,1.59157411e-03,0.159157
32.00,54000.00,1.57880567e-03,0.157881
34.00,53000.00,1.56621540e-03,0.156622
36.00,52000.00,1.55472890e-03,0.155473
38.00,51000.00,1.53714308e-03,0.153714
40.00,50000.00,1.52494003e-03,0.152494
42.00,49000.00,1.51238270e-03,0.151238
44.00,48000.00,1.49817422e-03,0.149817
46.00,47000.00,1.48368710e-03,0.148369
48.00,46000.00,1.47187874e-03,0.147188
50.00,45000.00,1.45877947e-03,0.145878
52.00,44000.00,1.44589922e-03,0.144590
54.00,43000.00,1.43181456e-03,0.143181
56.00,42000.00,1.42025648e-03,0.142026
58.00,41000.00,1.40582503e-03,0.140583
60.00,40000.00,1.39310071e-03,0.139310
62.00,39000.00,1.37797647e-03,0.137798
64.00,38000.00,1.36315464e-03,0.136315
66.00,37000.00,1.35318643e-03,0.135319
68.00,36000.00,1.33946746e-03,0.133947
70.00,35000.00,1.32650471e-03,0.132650
72.00,34000.00,1.31265819e-03,0.131266
74.00,33000.00,1.29890159e-03,0.129890
76.00,32000.00,1.28566597e-03,0.128567
78.00,31000.00,1.27362789e-03,0.127363
80.00,30000.00,1.25855767e-03,0.125856
82.00,29000.00,1.24572105e-03,0.124572
84.00,28000.00,1.23266693e-03,0.123267
86.00,27000.00,1.21971660e-03,0.121972
88.00,26000.00,1.20827211e-03,0.120827
90.00,25000.00,1.19221855e-03,0.119222
92.00,24000.00,1.18193073e-03,0.118193
94.00,23000.00,1.16621139e-03,0.116621
96.00,22000.00,1.15268831e-03,0.115269
98.00,21000.00,1.13880589e-03,0.113881
100.00,20000.00,1.12667491e-03,0.112667
102.00,19000.00,1.11386136e-03,0.111386
104.00,18000.00,1.09757588e-03,0.109758
106.00,17000.00,1.08444543e-03,0.108445
108.00,16000.00,1.07007490e-03,0.107007
110.00,15000.00,1.05510475e-03,0.105510
112.00,14000.00,1.03931257e-03,0.103931
114.00,13000.00,1.02439739e-03,0.102440
116.00,12000.00,1.00689477e-03,0.100689
118.00,11000.00,9.86442407e-04,0.098644
120.00,10000.00,9.62434152e-04,0.096243
122.00,9000.00,9.35317545e-04,0.093532
124.00,8000.00,9.01508283e-04,0.090151
126.00,7000.00,8.56959650e-04,0.085696
128.00,6000.00,8.00419296e-04,0.080042
130.00,5000.00,7.24852899e-04,0.072485
132.00,4000.00,6.29722761e-04,0.062972
134.00,3000.00,5.08226939e-04,0.050823
136.00,2000.00,3.59672975e-04,0.035967
138.00,1000.00,1.90589632e-04,0.019059
140.00,0.00,7.26215082e-06,0.000726
142.00,-1000.00,-1.75312172e-04,-0.017531
144.00,-2000.00,-3.46803382e-04,-0.034680
146.00,-3000.00,-4.96171845e-04,-0.049617
148.00,-4000.00,-6.20012263e-04,-0.062001
150.00,-5000.00,-7.18897550e-04,-0.071890
152.00,-6000.00,-7.94027951e-04,-0.079403
154.00,-7000.00,-8.54128167e-04,-0.085413
156.00,-8000.00,-8.98080620e-04,-0.089808
158.00,-9000.00,-9.35677922e-04,-0.093568
160.00,-10000.00,-9.62778125e-04,-0.096278
162.00,-11000.00,-9.84629507e-04,-0.098463
164.00,-12000.00,-1.00582274e-03,-0.100582
166.00,-13000.00,-1.02329234e-03,-0.102329
168.00,-14000.00,-1.04097679e-03,-0.104098
170.00,-15000.00,-1.05697003e-03,-0.105697
172.00,-16000.00,-1.07126124e-03,-0.107126
174.00,-17000.00,-1.08445652e-03,-0.108446
176.00,-18000.00,-1.09880071e-03,-0.109880
178.00,-19000.00,-1.11037711e-03,-0.111038
180.00,-20000.00,-1.12383287e-03,-0.112383
182.00,-21000.00,-1.13834710e-03,-0.113835
184.00,-22000.00,-1.15345535e-03,-0.115346
186.00,-23000.00,-1.16589353e-03,-0.116589
188.00,-24000.00,-1.17983783e-03,-0.117984
190.00,-25000.00,-1.19325551e-03,-0.119326
192.00,-26000.00,-1.20637196e-03,-0.120637
194.00,-27000.00,-1.21934531e-03,-0.121935
196.00,-28000.00,-1.23295096e-03,-0.123295
198.00,-29000.00,-1.24604091e-03,-0.124604
200.00,-30000.00,-1.26112515e-03,-0.126113
202.00,-31000.00,-1.27314139e-03,-0.127314
204.00,-32000.00,-1.28523419e-03,-0.128523
206.00,-33000.00,-1.29866325e-03,-0.129866
208.00,-34000.00,-1.31380340e-03,-0.131380
210.00,-35000.00,-1.32555844e-03,-0.132556
212.00,-36000.00,-1.33906575e-03,-0.133907
214.00,-37000.00,-1.35366331e-03,-0.135366
216.00,-38000.00,-1.36558999e-03,-0.136559
218.00,-39000.00,-1.37856407e-03,-0.137856
220.00,-40000.00,-1.39235980e-03,-0.139236
222.00,-41000.00,-1.40389380e-03,-0.140389
224.00,-42000.00,-1.41950781e-03,-0.141951
226.00,-43000.00,-1.43199106e-03,-0.143199
228.00,-44000.00,-1.44505702e-03,-0.144506
230.00,-45000.00,-1.45835308e-03,-0.145835
232.00,-46000.00,-1.47259229e-03,-0.147259
234.00,-47000.00,-1.48491696e-03,-0.148492
236.00,-48000.00,-1.49841274e-03,-0.149841
238.00,-49000.00,-1.50970489e-03,-0.150970
240.00,-50000.00,-1.52400373e-03,-0.152400
242.00,-51000.00,-1.53863745e-03,-0.153864
244.00,-52000.00,-1.55055923e-03,-0.155056
246.00,-53000.00,-1.56615354e-03,-0.156615
248.00,-54000.00,-1.57825436e-03,-0.157825
250.00,-55000.00,-1.59020641e-03,-0.159021
252.00,-56000.00,-1.60696617e-03,-0.160697
254.00,-57000.00,-1.61735571e-03,-0.161736
256.00,-58000.00,-1.63119558e-03,-0.163120
258.00,-59000.00,-1.64563349e-03,-0.164563
260.00,-60000.00,-1.65746624e-03,-0.165747
262.00,-61000.00,-1.67280500e-03,-0.167280
264.00,-62000.00,-1.68399203e-03,-0.168399
266.00,-63000.00,-1.69822870e-03,-0.169823
268.00,-64000.00,-1.71052263e-03,-0.171052
270.00,-65000.00,-1.72597134e-03,-0.172597
272.00,-66000.00,-1.73752696e-03,-0.173753
274.00,-67000.00,-1.75059056e-03,-0.175059
276.00,-68000.00,-1.76570609e-03,-0.176571
278.00,-69000.00,-1.77640433e-03,-0.177640
280.00,-70000.00,-1.79243474e-03,-0.179243
282.00,-70000.00,-1.78917976e-03,-0.178918
284.00,-69000.00,-1.77600393e-03,-0.177600
286.00,-68000.00,-1.76552198e-03,-0.176552
288.00,-67000.00,-1.74974401e-03,-0.174974
290.00,-66000.00,-1.73776345e-03,-0.173776
292.00,-65000.00,-1.72444204e-03,-0.172444
294.00,-64000.00,-1.71114691e-03,-0.171115
296.00,-63000.00,-1.69993922e-03,-0.169994
298.00,-62000.00,-1.68492662e-03,-0.168493
300.00,-61000.00,-1.67187088e-03,-0.167187
302.00,-60000.00,-1.65775190e-03,-0.165775
304.00,-59000.00,-1.64720722e-03,-0.164721
306.00,-58000.00,-1.63171640e-03,-0.163172
308.00,-57000.00,-1.61739626e-03,-0.161740
310.00,-56000.00,-1.60577870e-03,-0.160578
312.00,-55000.00,-1.59124744e-03,-0.159125
314.00,-54000.00,-1.57794258e-03,-0.157794
316.00,-53000.00,-1.56545904e-03,-0.156546
318.00,-52000.00,-1.55161340e-03,-0.155161
320.00,-51000.00,-1.53775950e-03,-0.153776
322.00,-50000.00,-1.52683805e-03,-0.152684
324.00,-49000.00,-1.51137172e-03,-0.151137
326.00,-48000.00,-1.49900519e-03,-0.149901
328.00,-47000.00,-1.48538603e-03,-0.148539
330.00,-46000.00,-1.47256193e-03,-0.147256
332.00,-45000.00,-1.45937019e-03,-0.145937
334.00,-44000.00,-1.44480815e-03,-0.144481
336.00,-43000.00,-1.43179031e-03,-0.143179
338.00,-42000.00,-1.41922387e-03,-0.141922
340.00,-41000.00,-1.40723562e-03,-0.140724
342.00,-40000.00,-1.39193880e-03,-0.139194
344.00,-39000.00,-1.37850742e-03,-0.137851
346.00,-38000.00,-1.36372283e-03,-0.136372
348.00,-37000.00,-1.35309308e-03,-0.135309
350.00,-36000.00,-1.33892507e-03,-0.133893
352.00,-35000.00,-1.32605503e-03,-0.132606
354.00,-34000.00,-1.31516319e-03,-0.131516
356.00,-33000.00,-1.29992481e-03,-0.129992
358.00,-32000.00,-1.28547081e-03,-0.128547
360.00,-31000.00,-1.27326564e-03,-0.127327
362.00,-30000.00,-1.25763951e-03,-0.125764
364.00,-29000.00,-1.24547967e-03,-0.124548
366.00,-28000.00,-1.23301626e-03,-0.123302
368.00,-27000.00,-1.21831441e-03,-0.121831
370.00,-26000.00,-1.20640706e-03,-0.120641
372.00,-25000.00,-1.19169042e-03,-0.119169
374.00,-24000.00,-1.17910145e-03,-0.117910
376.00,-23000.00,-1.16552739e-03,-0.116553
378.00,-22000.00,-1.15324638e-03,-0.115325
380.00,-21000.00,-1.13914715e-03,-0.113915
382.00,-20000.00,-1.12535221e-03,-0.112535
384.00,-19000.00,-1.11194921e-03,-0.111195
386.00,-18000.00,-1.09779629e-03,-0.109780
388.00,-17000.00,-1.08274853e-03,-0.108275
390.00,-16000.00,-1.07045874e-03,-0.107046
392.00,-15000.00,-1.05634578e-03,-0.105635
394.00,-14000.00,-1.03955343e-03,-0.103955
396.00,-13000.00,-1.02441770e-03,-0.102442
398.00,-12000.00,-1.00459691e-03,-0.100460
400.00,-11000.00,-9.86516161e-04,-0.098652
402.00,-10000.00,-9.63702435e-04,-0.096370
404.00,-9000.00,-9.34695856e-04,-0.093470
406.00,-8000.00,-9.01565396e-04,-0.090157
408.00,-7000.00,-8.56897840e-04,-0.085690
410.00,-6000.00,-7.98628457e-04,-0.079863
412.00,-5000.00,-7.26781858e-04,-0.072678
414.00,-4000.00,-6.28600920e-04,-0.062860
416.00,-3000.00,-5.07991435e-04,-0.050799
418.00,-2000.00,-3.60202848e-04,-0.036020
420.00,-1000.00,-1.89721211e-04,-0.018972
422.00,0.00,-7.53501490e-06,-0.000754
424.00,1000.00,1.76115201e-04,0.017612
426.00,2000.00,3.46195047e-04,0.034620
428.00,3000.00,4.97659858e-04,0.049766
430.00,4000.00,6.20484497e-04,0.062048
432.00,5000.00,7.16469621e-04,0.071647
434.00,6000.00,7.95858902e-04,0.079586
436.00,7000.00,8.51794045e-04,0.085179
438.00,8000.00,8.99308561e-04,0.089931
440.00,9000.00,9.32470609e-04,0.093247
442.00,10000.00,9.62288700e-04,0.096229
444.00,11000.00,9.86458910e-04,0.098646
446.00,12000.00,1.00537563e-03,0.100538
448.00,13000.00,1.02395187e-03,0.102395
450.00,14000.00,1.04067285e-03,0.104067
452.00,15000.00,1.05369349e-03,0.105369
454.00,16000.00,1.07206017e-03,0.107206
456.00,17000.00,1.08427929e-03,0.108428
458.00,18000.00,1.09886242e-03,0.109886
460.00,19000.00,1.11227115e-03,0.111227
462.00,20000.00,1.12663421e-03,0.112663
464.00,21000.00,1.13929248e-03,0.113929
466.00,22000.00,1.15142571e-03,0.115143
468.00,23000.00,1.16689454e-03,0.116689
470.00,24000.00,1.17711100e-03,0.117711
472.00,25000.00,1.19362685e-03,0.119363
474.00,26000.00,1.20432251e-03,0.120432
476.00,27000.00,1.22048377e-03,0.122048
478.00,28000.00,1.23328824e-03,0.123329
480.00,29000.00,1.24604790e-03,0.124605
482.00,30000.00,1.25883931e-03,0.125884
484.00,31000.00,1.27261003e-03,0.127261
486.00,32000.00,1.28507961e-03,0.128508
488.00,33000.00,1.29984926e-03,0.129985
490.00,34000.00,1.31298674e-03,0.131299
492.00,35000.00,1.32677002e-03,0.132677
494.00,36000.00,1.33821150e-03,0.133821
496.00,37000.00,1.35177987e-03,0.135178
498.00,38000.00,1.36516806e-03,0.136517
500.00,39000.00,1.37702148e-03,0.137702
502.00,40000.00,1.39096234e-03,0.139096
504.00,41000.00,1.40595324e-03,0.140595
506.00,42000.00,1.42016350e-03,0.142016
508.00,43000.00,1.43172376e-03,0.143172
510.00,44000.00,1.44469973e-03,0.144470
512.00,45000.00,1.46027290e-03,0.146027
514.00,46000.00,1.47027256e-03,0.147027
516.00,47000.00,1.48635309e-03,0.148635
518.00,48000.00,1.49697492e-03,0.149697
520.00,49000.00,1.51247058e-03,0.151247
522.00,50000.00,1.52526033e-03,0.152526
524.00,51000.00,1.53920391e-03,0.153920
526.00,52000.00,1.55212193e-03,0.155212
528.00,53000.00,1.56480380e-03,0.156480
530.00,54000.00,1.57826090e-03,0.157826
532.00,55000.00,1.59128670e-03,0.159129
534.00,56000.00,1.60614249e-03,0.160614
536.00,57000.00,1.61737703e-03,0.161738
538.00,58000.00,1.63273191e-03,0.163273
540.00,59000.00,1.64474507e-03,0.164475
542.00,60000.00,1.65710405e-03,0.165710
544.00,61000.00,1.67291965e-03,0.167292
546.00,62000.00,1.68372675e-03,0.168373
548.00,63000.00,1.69703903e-03,0.169704
550.00,64000.00,1.71144011e-03,0.171144
552.00,65000.00,1.72500570e-03,0.172501
554.00,66000.00,1.73918666e-03,0.173919
556.00,67000.00,1.75248213e-03,0.175248
558.00,68000.00,1.76412544e-03,0.176413
560.00,69000.00,1.77787650e-03,0.177788
562.00,70000.00,1.79092657e-03,0.179093
