; SYNTHETIC DATA – not measured – generated by make_demo_data.py
[Header]
FILE OPEN TIME, 06/20/2025 12:00:00 PM
INFO, Synthetic MPMS3 SQUID VSM Data
SAMPLE_DIAMETER_UM, 5
IS_ANNEALED, True
[Data]
Time,Magnetic Field (Oe),Moment (emu),Volts (V)
0.00,70000.00,2.17078203e-03,0.217078
2.00,69000.00,2.15639886e-03,0.215640
4.00,68000.00,2.14606232e-03,0.214606
6.00,67000.00,2.13180736e-03,0.213181
8.00,66000.00,2.11869643e-03,0.211870
10.00,65000.00,2.10440710e-03,0.210441
12.00,64000.00,2.09311720e-03,0.209312
14.00,63000.00,2.07953390e-03,0.207953
16.00,62000.00,2.06516888e-03,0.206517
18.00,61000.00,2.05143484e-03,0.205143
20.00,60000.00,2.03833401e-03,0.203833
22.00,59000.00,2.02459207e-03,0.202459
24.00,58000.00,2.01211726e-03,0.201212
26.00,57000.00,1.99817453e-03,0.199817
28.00,56000.00,1.98607624e-03,0.198608
30.00,55000.00,1.97183123e-03,0.197183
32.00,54000.00,1.95853674e-03,0.195854
34.00,53000.00,1.94712795e-03,0.194713
36.00,52000.00,1.93156498e-03,0.193156
38.00,51000.00,1.91742278e-03,0.191742
40.00,50000.00,1.90605691e-03,0.190606
42.00,49000.00,1.89031283e-03,0.189031
44.00,48000.00,1.87935508e-03,0.187936
46.00,47000.00,1.86677242e-03,0.186677
48.00,46000.00,1.85256081e-03,0.185256
50.00,45000.00,1.83919997e-03,0.183920
52.00,44000.00,1.82384009e-03,0.182384
54.00,43000.00,1.81314600e-03,0.181315
56.00,42000.00,1.79968699e-03,0.179969
58.00,41000.00,1.78481870e-03,0.178482
60.00,40000.00,1.77460387e-03,0.177460
62.00,39000.00,1.75816668e-03,0.175817
64.00,38000.00,1.74441141e-03,0.174441
66.00,37000.00,1.73097964e-03,0.173098
68.00,36000.00,1.71951667e-03,0.171952
70.00,35000.00,1.70652856e-03,0.170653
72.00,34000.00,1.69333166e-03,0.169333
74.00,33000.00,1.67925333e-03,0.167925
76.00,32000.00,1.66547800e-03,0.166548
78.00,31000.00,1.65383343e-03,0.165383
80.00,30000.00,1.63879307e-03,0.163879
82.00,29000.00,1.62518078e-03,0.162518
84.00,28000.00,1.61449190e-03,0.161449
86.00,27000.00,1.59996810e-03,0.159997
88.00,26000.00,1.58696172e-03,0.158696
90.00,25000.00,1.57381613e-03,0.157382
92.00,24000.00,1.55931828e-03,0.155932
94.00,23000.00,1.54605689e-03,0.154606
96.00,22000.00,1.53392983e-03,0.153393
98.00,21000.00,1.51937133e-03,0.151937
100.00,20000.00,1.50702332e-03,0.150702
102.00,19000.00,1.49329605e-03,0.149330
104.00,18000.00,1.47888848e-03,0.147889
106.00,17000.00,1.46774493e-03,0.146774
108.00,16000.00,1.45218274e-03,0.145218
110.00,15000.00,1.44039522e-03,0.144040
112.00,14000.00,1.42691417e-03,0.142691
114.00,13000.00,1.41479075e-03,0.141479
116.00,12000.00,1.39906925e-03,0.139907
118.00,11000.00,1.38629175e-03,0.138629
120.00,10000.00,1.37335214e-03,0.137335
122.00,9000.00,1.36020710e-03,0.136021
124.00,8000.00,1.34740170e-03,0.134740
126.00,7000.00,1.33324915e-03,0.133325
128.00,6000.00,1.31921147e-03,0.131921
130.00,5000.00,1.30622469e-03,0.130622
132.00,4000.00,1.29293725e-03,0.129294
134.00,3000.00,1.27457329e-03,0.127457
136.00,2000.00,1.26016063e-03,0.126016
138.00,1000.00,1.24386861e-03,0.124387
140.00,0.00,1.22416893e-03,0.122417
142.00,-1000.00,1.20351010e-03,0.120351
144.00,-2000.00,1.17523926e-03,0.117524
146.00,-3000.00,1.14133628e-03,0.114134
148.00,-4000.00,1.10006483e-03,0.110006
150.00,-5000.00,1.03884723e-03,0.103885
152.00,-6000.00,9.63199451e-04,0.096320
154.00,-7000.00,8.60459042e-04,0.086046
156.00,-8000.00,7.17240368e-04,0.071724
158.00,-9000.00,5.35497621e-04,0.053550
160.00,-10000.00,3.10171693e-04,0.031017
162.00,-11000.00,5.29338752e-05,0.005293
164.00,-12000.00,-2.22394335e-04,-0.022239
166.00,-13000.00,-4.90121943e-04,-0.049012
168.00,-14000.00,-7.36510674e-04,-0.073651
170.00,-15000.00,-9.42717058e-04,-0.094272
172.00,-16000.00,-1.10153282e-03,-0.110153
174.00,-17000.00,-1.22357135e-03,-0.122357
176.00,-18000.00,-1.31728341e-03,-0.131728
178.00,-19000.00,-1.38583958e-03,-0.138584
180.00,-20000.00,-1.43515586e-03,-0.143516
182.00,-21000.00,-1.47160684e-03,-0.147161
184.00,-22000.00,-1.50229617e-03,-0.150230
186.00,-23000.00,-1.52582805e-03,-0.152583
188.00,-24000.00,-1.54866387e-03,-0.154866
190.00,-25000.00,-1.56481396e-03,-0.156481
192.00,-26000.00,-1.57987907e-03,-0.157988
194.00,-27000.00,-1.59624547e-03,-0.159625
196.00,-28000.00,-1.61162285e-03,-0.161162
198.00,-29000.00,-1.62370923e-03,-0.162371
200.00,-30000.00,-1.63763823e-03,-0.163764
202.00,-31000.00,-1.65275948e-03,-0.165276
204.00,-32000.00,-1.66657709e-03,-0.166658
206.00,-33000.00,-1.67801489e-03,-0.167801
208.00,-34000.00,-1.69324598e-03,-0.169325
210.00,-35000.00,-1.70622682e-03,-0.170623
212.00,-36000.00,-1.71760655e-03,-0.171761
214.00,-37000.00,-1.73254946e-03,-0.173255
216.00,-38000.00,-1.74655057e-03,-0.174655
218.00,-39000.00,-1.76134387e-03,-0.176134
220.00,-40000.00,-1.77264010e-03,-0.177264
222.00,-41000.00,-1.78606736e-03,-0.178607
224.00,-42000.00,-1.79990805e-03,-0.179991
226.00,-43000.00,-1.81166091e-03,-0.181166
228.00,-44000.00,-1.82717934e-03,-0.182718
230.00,-45000.00,-1.84077176e-03,-0.184077
232.00,-46000.00,-1.85327768e-03,-0.185328
234.00,-47000.00,-1.86584434e-03,-0.186584
236.00,-48000.00,-1.88062013e-03,-0.188062
238.00,-49000.00,-1.89359904e-03,-0.189360
240.00,-50000.00,-1.90656860e-03,-0.190657
242.00,-51000.00,-1.91908174e-03,-0.191908
244.00,-52000.00,-1.93306077e-03,-0.193306
246.00,-53000.00,-1.94468418e-03,-0.194468
248.00,-54000.00,-1.96117894e-03,-0.196118
250.00,-55000.00,-1.97187008e-03,-0.197187
252.00,-56000.00,-1.98617340e-03,-0.198617
254.00,-57000.00,-1.99841753e-03,-0.199842
256.00,-58000.00,-2.01020726e-03,-0.201021
258.00,-59000.00,-2.02555390e-03,-0.202555
260.00,-60000.00,-2.03858759e-03,-0.203859
262.00,-61000.00,-2.05124873e-03,-0.205125
264.00,-62000.00,-2.06671150e-03,-0.206671
266.00,-63000.00,-2.07802234e-03,-0.207802
268.00,-64000.00,-2.09116834e-03,-0.209117
270.00,-65000.00,-2.10541926e-03,-0.210542
272.00,-66000.00,-2.11792943e-03,-0.211793
274.00,-67000.00,-2.13175379e-03,-0.213175
276.00,-68000.00,-2.14594527e-03,-0.214595
278.00,-69000.00,-2.15979654e-03,-0.215980
280.00,-70000.00,-2.17080075e-03,-0.217080
282.00,-70000.00,-2.17000108e-03,-0.217000
284.00,-69000.00,-2.15926752e-03,-0.215927
286.00,-68000.00,-2.14481237e-03,-0.214481
288.00,-67000.00,-2.13309390e-03,-0.213309
290.00,-66000.00,-2.11904965e-03,-0.211905
292.00,-65000.00,-2.10577420e-03,-0.210577
294.00,-64000.00,-2.09311721e-03,-0.209312
296.00,-63000.00,-2.07875161e-03,-0.207875
298.00,-62000.00,-2.06438458e-03,-0.206438
300.00,-61000.00,-2.05151515e-03,-0.205152
302.00,-60000.00,-2.03929126e-03,-0.203929
304.00,-59000.00,-2.02405097e-03,-0.202405
306.00,-58000.00,-2.01195349e-03,-0.201195
308.00,-57000.00,-1.99706919e-03,-0.199707
310.00,-56000.00,-1.98687629e-03,-0.198688
312.00,-55000.00,-1.96925115e-03,-0.196925
314.00,-54000.00,-1.95914430e-03,-0.195914
316.00,-53000.00,-1.94684961e-03,-0.194685
318.00,-52000.00,-1.93343311e-03,-0.193343
320.00,-51000.00,-1.91813295e-03,-0.191813
322.00,-50000.00,-1.90486009e-03,-0.190486
324.00,-49000.00,-1.89165225e-03,-0.189165
326.00,-48000.00,-1.87855553e-03,-0.187856
328.00,-47000.00,-1.86699110e-03,-0.186699
330.00,-46000.00,-1.85270703e-03,-0.185271
332.00,-45000.00,-1.84157536e-03,-0.184158
334.00,-44000.00,-1.82683631e-03,-0.182684
336.00,-43000.00,-1.81199059e-03,-0.181199
338.00,-42000.00,-1.80123813e-03,-0.180124
340.00,-41000.00,-1.78368250e-03,-0.178368
342.00,-40000.00,-1.77148923e-03,-0.177149
344.00,-39000.00,-1.76059992e-03,-0.176060
346.00,-38000.00,-1.74542772e-03,-0.174543
348.00,-37000.00,-1.73229519e-03,-0.173230
350.00,-36000.00,-1.71968872e-03,-0.171969
352.00,-35000.00,-1.70565934e-03,-0.170566
354.00,-34000.00,-1.69321497e-03,-0.169321
356.00,-33000.00,-1.67966608e-03,-0.167967
358.00,-32000.00,-1.66579558e-03,-0.166580
360.00,-31000.00,-1.65256103e-03,-0.165256
362.00,-30000.00,-1.63939917e-03,-0.163940
364.00,-29000.00,-1.62607801e-03,-0.162608
366.00,-28000.00,-1.61215258e-03,-0.161215
368.00,-27000.00,-1.59902738e-03,-0.159903
370.00,-26000.00,-1.58769675e-03,-0.158770
372.00,-25000.00,-1.57396457e-03,-0.157396
374.00,-24000.00,-1.55844203e-03,-0.155844
376.00,-23000.00,-1.54503859e-03,-0.154504
378.00,-22000.00,-1.53274173e-03,-0.153274
380.00,-21000.00,-1.52027060e-03,-0.152027
382.00,-20000.00,-1.50587216e-03,-0.150587
384.00,-19000.00,-1.49270798e-03,-0.149271
386.00,-18000.00,-1.48163288e-03,-0.148163
388.00,-17000.00,-1.46671250e-03,-0.146671
390.00,-16000.00,-1.45487384e-03,-0.145487
392.00,-15000.00,-1.44062270e-03,-0.144062
394.00,-14000.00,-1.42681562e-03,-0.142682
396.00,-13000.00,-1.41180377e-03,-0.141180
398.00,-12000.00,-1.40230537e-03,-0.140231
400.00,-11000.00,-1.38719135e-03,-0.138719
402.00,-10000.00,-1.37276996e-03,-0.137277
404.00,-9000.00,-1.35935889e-03,-0.135936
406.00,-8000.00,-1.34568225e-03,-0.134568
408.00,-7000.00,-1.33393171e-03,-0.133393
410.00,-6000.00,-1.31931583e-03,-0.131932
412.00,-5000.00,-1.30565892e-03,-0.130566
414.00,-4000.00,-1.28953092e-03,-0.128953
416.00,-3000.00,-1.27606661e-03,-0.127607
418.00,-2000.00,-1.26014831e-03,-0.126015
420.00,-1000.00,-1.24291792e-03,-0.124292
422.00,0.00,-1.22539263e-03,-0.122539
424.00,1000.00,-1.20155787e-03,-0.120156
426.00,2000.00,-1.17667881e-03,-0.117668
428.00,3000.00,-1.14216712e-03,-0.114217
430.00,4000.00,-1.09991979e-03,-0.109992
432.00,5000.00,-1.04042185e-03,-0.104042
434.00,6000.00,-9.63637310e-04,-0.096364
436.00,7000.00,-8.56162017e-04,-0.085616
438.00,8000.00,-7.19448126e-04,-0.071945
440.00,9000.00,-5.33767519e-04,-0.053377
442.00,10000.00,-3.10263308e-04,-0.031026
444.00,11000.00,-5.26645290e-05,-0.005266
446.00,12000.00,2.24459348e-04,0.022446
448.00,13000.00,4.90552217e-04,0.049055
450.00,14000.00,7.35713174e-04,0.073571
452.00,15000.00,9.41202510e-04,0.094120
454.00,16000.00,1.10254667e-03,0.110255
456.00,17000.00,1.22474284e-03,0.122474
458.00,18000.00,1.31724269e-03,0.131724
460.00,19000.00,1.38360083e-03,0.138360
462.00,20000.00,1.43374229e-03,0.143374
464.00,21000.00,1.47137839e-03,0.147138
466.00,22000.00,1.50278817e-03,0.150279
468.00,23000.00,1.52618257e-03,0.152618
470.00,24000.00,1.54882279e-03,0.154882
472.00,25000.00,1.56514055e-03,0.156514
474.00,26000.00,1.57918392e-03,0.157918
476.00,27000.00,1.59678337e-03,0.159678
478.00,28000.00,1.60951000e-03,0.160951
480.00,29000.00,1.62448498e-03,0.162448
482.00,30000.00,1.63876634e-03,0.163877
484.00,31000.00,1.65120369e-03,0.165120
486.00,32000.00,1.66532985e-03,0.166533
488.00,33000.00,1.67861911e-03,0.167862
490.00,34000.00,1.69283697e-03,0.169284
492.00,35000.00,1.70598994e-03,0.170599
494.00,36000.00,1.71930334e-03,0.171930
496.00,37000.00,1.73444264e-03,0.173444
498.00,38000.00,1.74659760e-03,0.174660
500.00,39000.00,1.75980045e-03,0.175980
502.00,40000.00,1.77377281e-03,0.177377
504.00,41000.00,1.78784305e-03,0.178784
506.00,42000.00,1.80068245e-03,0.180068
508.00,43000.00,1.81153141e-03,0.181153
510.00,44000.00,1.82641605e-03,0.182642
512.00,45000.00,1.83996272e-03,0.183996
514.00,46000.00,1.85345321e-03,0.185345
516.00,47000.00,1.86564882e-03,0.186565
518.00,48000.00,1.87916218e-03,0.187916
520.00,49000.00,1.89150422e-03,0.189150
522.00,50000.00,1.90532194e-03,0.190532
524.00,51000.00,1.91782415e-03,0.191782
526.00,52000.00,1.93356461e-03,0.193356
528.00,53000.00,1.94507117e-03,0.194507
530.00,54000.00,1.95795798e-03,0.195796
532.00,55000.00,1.97248601e-03,0.197249
534.00,56000.00,1.98559746e-03,0.198560
536.00,57000.00,1.99810443e-03,0.199810
538.00,58000.00,2.01246733e-03,0.201247
540.00,59000.00,2.02476450e-03,0.202476
542.00,60000.00,2.03920066e-03,0.203920
544.00,61000.00,2.05196369e-03,0.205196
546.00,62000.00,2.06550810e-03,0.206551
548.00,63000.00,2.07820964e-03,0.207821
550.00,64000.00,2.09122125e-03,0.209122
552.00,65000.00,2.10544577e-03,0.210545
554.00,66000.00,2.11691953e-03,0.211692
556.00,67000.00,2.13317544e-03,0.213318
558.00,68000.00,2.14463501e-03,0.214464
560.00,69000.00,2.16046738e-03,0.216047
562.00,70000.00,2.17236250e-03,0.217236
