; SYNTHETIC DATA – not measured – generated by make_demo_data.py
[Header]
FILE OPEN TIME, 06/20/2025 12:00:00 PM
INFO, Synthetic MPMS3 SQUID VSM Data
SAMPLE_DIAMETER_UM, 10
IS_ANNEALED, False
[Data]
Time,Magnetic Field (Oe),Moment (emu),Volts (V)
0.00,70000.00,1.74761380e-03,0.174761
2.00,69000.00,1.73249327e-03,0.173249
4.00,68000.00,1.71898616e-03,0.171899
6.00,67000.00,1.70733528e-03,0.170734
8.00,66000.00,1.69484087e-03,0.169484
10.00,65000.00,1.68149764e-03,0.168150
12.00,64000.00,1.66827742e-03,0.166828
14.00,63000.00,1.65402478e-03,0.165402
16.00,62000.00,1.63997287e-03,0.163997
18.00,61000.00,1.62759976e-03,0.162760
20.00,60000.00,1.61430127e-03,0.161430
22.00,59000.00,1.60048793e-03,0.160049
24.00,58000.00,1.58642320e-03,0.158642
26.00,57000.00,1.57364425e-03,0.157364
28.00,56000.00,1.56078733e-03,0.156079
30.00,55000.00,1.54606640e-03,0.154607
32.00,54000.00,1.53355810e-03,0.153356
34.00,53000.00,1.51940485e-03,0.151940
36.00,52000.00,1.50909749e-03,0.150910
38.00,51000.00,1.49473255e-03,0.149473
40.00,50000.00,1.48058117e-03,0.148058
42.00,49000.00,1.46837461e-03,0.146837
44.00,48000.00,1.45429741e-03,0.145430
46.00,47000.00,1.44027419e-03,0.144027
48.00,46000.00,1.42755059e-03,0.142755
50.00,45000.00,1.41409044e-03,0.141409
52.00,44000.00,1.40456347e-03,0.140456
54.00,43000.00,1.38663594e-03,0.138664
56.00,42000.00,1.37153692e-03,0.137154
58.00,41000.00,1.36178823e-03,0.136179
60.00,40000.00,1.34639533e-03,0.134640
62.00,39000.00,1.33302260e-03,0.133302
64.00,38000.00,1.32247790e-03,0.132248
66.00,37000.00,1.30692852e-03,0.130693
68.00,36000.00,1.29319787e-03,0.129320
70.00,35000.00,1.28123885e-03,0.128124
72.00,34000.00,1.26665445e-03,0.126665
74.00,33000.00,1.25536061e-03,0.125536
76.00,32000.00,1.24052381e-03,0.124052
78.00,31000.00,1.22810928e-03,0.122811
80.00,30000.00,1.21621827e-03,0.121622
82.00,29000.00,1.20342734e-03,0.120343
84.00,28000.00,1.18583160e-03,0.118583
86.00,27000.00,1.17428863e-03,0.117429
88.00,26000.00,1.16106691e-03,0.116107
90.00,25000.00,1.14900217e-03,0.114900
92.00,24000.00,1.13437450e-03,0.113437
94.00,23000.00,1.12052903e-03,0.112053
96.00,22000.00,1.10959401e-03,0.110959
98.00,21000.00,1.09600314e-03,0.109600
100.00,20000.00,1.08131752e-03,0.108132
102.00,19000.00,1.06548560e-03,0.106549
104.00,18000.00,1.05378743e-03,0.105379
106.00,17000.00,1.03863684e-03,0.103864
108.00,16000.00,1.02794237e-03,0.102794
110.00,15000.00,1.01178184e-03,0.101178
112.00,14000.00,9.96408008e-04,0.099641
114.00,13000.00,9.80747392e-04,0.098075
116.00,12000.00,9.63003666e-04,0.096300
118.00,11000.00,9.41392065e-04,0.094139
120.00,10000.00,9.20589632e-04,0.092059
122.00,9000.00,8.93231211e-04,0.089323
124.00,8000.00,8.56844300e-04,0.085684
126.00,7000.00,8.18275279e-04,0.081828
128.00,6000.00,7.62770482e-04,0.076277
130.00,5000.00,6.91089501e-04,0.069109
132.00,4000.00,5.99998734e-04,0.060000
134.00,3000.00,4.82976071e-04,0.048298
136.00,2000.00,3.44642318e-04,0.034464
138.00,1000.00,1.81823175e-04,0.018182
140.00,0.00,6.94916748e-06,0.000695
142.00,-1000.00,-1.64247288e-04,-0.016425
144.00,-2000.00,-3.28597577e-04,-0.032860
146.00,-3000.00,-4.71996844e-04,-0.047200
148.00,-4000.00,-5.89929334e-04,-0.058993
150.00,-5000.00,-6.83697900e-04,-0.068370
152.00,-6000.00,-7.55756700e-04,-0.075576
154.00,-7000.00,-8.12727668e-04,-0.081273
156.00,-8000.00,-8.55534810e-04,-0.085553
158.00,-9000.00,-8.91824896e-04,-0.089182
160.00,-10000.00,-9.19534708e-04,-0.091953
162.00,-11000.00,-9.41581632e-04,-0.094158
164.00,-12000.00,-9.61256846e-04,-0.096126
166.00,-13000.00,-9.79518346e-04,-0.097952
168.00,-14000.00,-9.96632074e-04,-0.099663
170.00,-15000.00,-1.01140183e-03,-0.101140
172.00,-16000.00,-1.02483252e-03,-0.102483
174.00,-17000.00,-1.03911071e-03,-0.103911
176.00,-18000.00,-1.05505750e-03,-0.105506
178.00,-19000.00,-1.06672715e-03,-0.106673
180.00,-20000.00,-1.08066519e-03,-0.108067
182.00,-21000.00,-1.09424714e-03,-0.109425
184.00,-22000.00,-1.10709705e-03,-0.110710
186.00,-23000.00,-1.12114116e-03,-0.112114
188.00,-24000.00,-1.13300161e-03,-0.113300
190.00,-25000.00,-1.14863793e-03,-0.114864
192.00,-26000.00,-1.16240927e-03,-0.116241
194.00,-27000.00,-1.17447166e-03,-0.117447
196.00,-28000.00,-1.18760051e-03,-0.118760
198.00,-29000.00,-1.20246954e-03,-0.120247
200.00,-30000.00,-1.21418271e-03,-0.121418
202.00,-31000.00,-1.22769106e-03,-0.122769
204.00,-32000.00,-1.24245024e-03,-0.124245
206.00,-33000.00,-1.25490914e-03,-0.125491
208.00,-34000.00,-1.26678337e-03,-0.126678
210.00,-35000.00,-1.28021321e-03,-0.128021
212.00,-36000.00,-1.29561545e-03,-0.129562
214.00,-37000.00,-1.30701119e-03,-0.130701
216.00,-38000.00,-1.32103930e-03,-0.132104
218.00,-39000.00,-1.33222281e-03,-0.133222
220.00,-40000.00,-1.34790568e-03,-0.134791
222.00,-41000.00,-1.36035748e-03,-0.136036
224.00,-42000.00,-1.37590269e-03,-0.137590
226.00,-43000.00,-1.38645765e-03,-0.138646
228.00,-44000.00,-1.40093765e-03,-0.140094
230.00,-45000.00,-1.41477020e-03,-0.141477
232.00,-46000.00,-1.42802144e-03,-0.142802
234.00,-47000.00,-1.44096523e-03,-0.144097
236.00,-48000.00,-1.45469510e-03,-0.145470
238.00,-49000.00,-1.46680039e-03,-0.146680
240.00,-50000.00,-1.48120559e-03,-0.148121
242.00,-51000.00,-1.49430554e-03,-0.149431
244.00,-52000.00,-1.50429964e-03,-0.150430
246.00,-53000.00,-1.52066695e-03,-0.152067
248.00,-54000.00,-1.53341023e-03,-0.153341
250.00,-55000.00,-1.54691102e-03,-0.154691
252.00,-56000.00,-1.56057790e-03,-0.156058
254.00,-57000.00,-1.57367970e-03,-0.157368
256.00,-58000.00,-1.58846958e-03,-0.158847
258.00,-59000.00,-1.59967148e-03,-0.159967
260.00,-60000.00,-1.61347370e-03,-0.161347
262.00,-61000.00,-1.62686872e-03,-0.162687
264.00,-62000.00,-1.64146342e-03,-0.164146
266.00,-63000.00,-1.65266100e-03,-0.165266
268.00,-64000.00,-1.66833019e-03,-0.166833
270.00,-65000.00,-1.68031252e-03,-0.168031
272.00,-66000.00,-1.69422253e-03,-0.169422
274.00,-67000.00,-1.70825965e-03,-0.170826
276.00,-68000.00,-1.71855949e-03,-0.171856
278.00,-69000.00,-1.73198799e-03,-0.173199
280.00,-70000.00,-1.74543484e-03,-0.174543
282.00,-70000.00,-1.74672796e-03,-0.174673
284.00,-69000.00,-1.73431145e-03,-0.173431
286.00,-68000.00,-1.71993831e-03,-0.171994
288.00,-67000.00,-1.70696324e-03,-0.170696
290.00,-66000.00,-1.69534617e-03,-0.169535
292.00,-65000.00,-1.67901759e-03,-0.167902
294.00,-64000.00,-1.66608514e-03,-0.166609
296.00,-63000.00,-1.65425440e-03,-0.165425
298.00,-62000.00,-1.64136176e-03,-0.164136
300.00,-61000.00,-1.62709759e-03,-0.162710
302.00,-60000.00,-1.61351102e-03,-0.161351
304.00,-59000.00,-1.59822546e-03,-0.159823
306.00,-58000.00,-1.58670755e-03,-0.158671
308.00,-57000.00,-1.57485490e-03,-0.157485
310.00,-56000.00,-1.55986123e-03,-0.155986
312.00,-55000.00,-1.54845341e-03,-0.154845
314.00,-54000.00,-1.53497442e-03,-0.153497
316.00,-53000.00,-1.52011067e-03,-0.152011
318.00,-52000.00,-1.50754262e-03,-0.150754
320.00,-51000.00,-1.49547207e-03,-0.149547
322.00,-50000.00,-1.48142997e-03,-0.148143
324.00,-49000.00,-1.46790600e-03,-0.146791
326.00,-48000.00,-1.45517317e-03,-0.145517
328.00,-47000.00,-1.44131460e-03,-0.144131
330.00,-46000.00,-1.42739325e-03,-0.142739
332.00,-45000.00,-1.41449187e-03,-0.141449
334.00,-44000.00,-1.40180183e-03,-0.140180
336.00,-43000.00,-1.38687664e-03,-0.138688
338.00,-42000.00,-1.37273886e-03,-0.137274
340.00,-41000.00,-1.36013893e-03,-0.136014
342.00,-40000.00,-1.34881681e-03,-0.134882
344.00,-39000.00,-1.33524305e-03,-0.133524
346.00,-38000.00,-1.32102672e-03,-0.132103
348.00,-37000.00,-1.30763811e-03,-0.130764
350.00,-36000.00,-1.29547482e-03,-0.129547
352.00,-35000.00,-1.28073680e-03,-0.128074
354.00,-34000.00,-1.26789810e-03,-0.126790
356.00,-33000.00,-1.25585010e-03,-0.125585
358.00,-32000.00,-1.24309038e-03,-0.124309
360.00,-31000.00,-1.22800950e-03,-0.122801
362.00,-30000.00,-1.21538218e-03,-0.121538
364.00,-29000.00,-1.19944678e-03,-0.119945
366.00,-28000.00,-1.18904973e-03,-0.118905
368.00,-27000.00,-1.17538856e-03,-0.117539
370.00,-26000.00,-1.15863841e-03,-0.115864
372.00,-25000.00,-1.14932770e-03,-0.114933
374.00,-24000.00,-1.13377581e-03,-0.113378
376.00,-23000.00,-1.12126606e-03,-0.112127
378.00,-22000.00,-1.10837947e-03,-0.110838
380.00,-21000.00,-1.09574386e-03,-0.109574
382.00,-20000.00,-1.08104155e-03,-0.108104
384.00,-19000.00,-1.06604296e-03,-0.106604
386.00,-18000.00,-1.05303684e-03,-0.105304
388.00,-17000.00,-1.04003558e-03,-0.104004
390.00,-16000.00,-1.02492928e-03,-0.102493
392.00,-15000.00,-1.01162021e-03,-0.101162
394.00,-14000.00,-9.95826133e-04,-0.099583
396.00,-13000.00,-9.78634290e-04,-0.097863
398.00,-12000.00,-9.62175160e-04,-0.096218
400.00,-11000.00,-9.41732904e-04,-0.094173
402.00,-10000.00,-9.19807703e-04,-0.091981
404.00,-9000.00,-8.93926779e-04,-0.089393
406.00,-8000.00,-8.58108788e-04,-0.085811
408.00,-7000.00,-8.17770681e-04,-0.081777
410.00,-6000.00,-7.60951210e-04,-0.076095
412.00,-5000.00,-6.90081139e-04,-0.069008
414.00,-4000.00,-5.97992793e-04,-0.059799
416.00,-3000.00,-4.83009786e-04,-0.048301
418.00,-2000.00,-3.43709294e-04,-0.034371
420.00,-1000.00,-1.83111402e-04,-0.018311
422.00,0.00,-8.75361903e-06,-0.000875
424.00,1000.00,1.65853161e-04,0.016585
426.00,2000.00,3.30523138e-04,0.033052
428.00,3000.00,4.70430372e-04,0.047043
430.00,4000.00,5.91228996e-04,0.059123
432.00,5000.00,6.84008976e-04,0.068401
434.00,6000.00,7.57755502e-04,0.075776
436.00,7000.00,8.14440855e-04,0.081444
438.00,8000.00,8.57612764e-04,0.085761
440.00,9000.00,8.92250205e-04,0.089225
442.00,10000.00,9.18109693e-04,0.091811
444.00,11000.00,9.41414168e-04,0.094141
446.00,12000.00,9.60408531e-04,0.096041
448.00,13000.00,9.79291150e-04,0.097929
450.00,14000.00,9.95677500e-04,0.099568
452.00,15000.00,1.01151935e-03,0.101152
454.00,16000.00,1.02636573e-03,0.102637
456.00,17000.00,1.04121125e-03,0.104121
458.00,18000.00,1.05520367e-03,0.105520
460.00,19000.00,1.06701836e-03,0.106702
462.00,20000.00,1.08097992e-03,0.108098
464.00,21000.00,1.09426570e-03,0.109427
466.00,22000.00,1.10778532e-03,0.110779
468.00,23000.00,1.12259403e-03,0.112259
470.00,24000.00,1.13637177e-03,0.113637
472.00,25000.00,1.14889574e-03,0.114890
474.00,26000.00,1.16205215e-03,0.116205
476.00,27000.00,1.17394225e-03,0.117394
478.00,28000.00,1.18759510e-03,0.118760
480.00,29000.00,1.20131930e-03,0.120132
482.00,30000.00,1.21238097e-03,0.121238
484.00,31000.00,1.22843138e-03,0.122843
486.00,32000.00,1.24116296e-03,0.124116
488.00,33000.00,1.25647612e-03,0.125648
490.00,34000.00,1.26780606e-03,0.126781
492.00,35000.00,1.27954856e-03,0.127955
494.00,36000.00,1.29466812e-03,0.129467
496.00,37000.00,1.30768767e-03,0.130769
498.00,38000.00,1.32140783e-03,0.132141
500.00,39000.00,1.33331191e-03,0.133331
502.00,40000.00,1.34777771e-03,0.134778
504.00,41000.00,1.35923084e-03,0.135923
506.00,42000.00,1.37471785e-03,0.137472
508.00,43000.00,1.38747187e-03,0.138747
510.00,44000.00,1.39864148e-03,0.139864
512.00,45000.00,1.41495767e-03,0.141496
514.00,46000.00,1.42862496e-03,0.142862
516.00,47000.00,1.44200553e-03,0.144201
518.00,48000.00,1.45485410e-03,0.145485
520.00,49000.00,1.46683575e-03,0.146684
522.00,50000.00,1.48000706e-03,0.148001
524.00,51000.00,1.49455216e-03,0.149455
526.00,52000.00,1.50846980e-03,0.150847
528.00,53000.00,1.52344244e-03,0.152344
530.00,54000.00,1.53427703e-03,0.153428
532.00,55000.00,1.54547360e-03,0.154547
534.00,56000.00,1.56021254e-03,0.156021
536.00,57000.00,1.57468897e-03,0.157469
538.00,58000.00,1.58778545e-03,0.158779
540.00,59000.00,1.60149998e-03,0.160150
542.00,60000.00,1.61283308e-03,0.161283
544.00,61000.00,1.62661223e-03,0.162661
546.00,62000.00,1.64103997e-03,0.164104
548.00,63000.00,1.65405988e-03,0.165406
550.00,64000.00,1.66733895e-03,0.166734
552.00,65000.00,1.67962222e-03,0.167962
554.00,66000.00,1.69305162e-03,0.169305
556.00,67000.00,1.70735032e-03,0.170735
558.00,68000.00,1.72104364e-03,0.172104
560.00,69000.00,1.73214863e-03,0.173215
562.00,70000.00,1.74694601e-03,0.174695
