; SYNTHETIC DATA – not measured – generated by make_demo_data.py
[Header]
FILE OPEN TIME, 06/20/2025 12:00:00 PM
INFO, Synthetic MPMS3 SQUID VSM Data
SAMPLE_DIAMETER_UM, 10
IS_ANNEALED, True
[Data]
Time,Magnetic Field (Oe),Moment (emu),Volts (V)
0.00,70000.00,2.21243712e-03,0.221244
2.00,69000.00,2.20077665e-03,0.220078
4.00,68000.00,2.18746553e-03,0.218747
6.00,67000.00,2.17346848e-03,0.217347
8.00,66000.00,2.15911864e-03,0.215912
10.00,65000.00,2.14738627e-03,0.214739
12.00,64000.00,2.13224026e-03,0.213224
14.00,63000.00,2.12068851e-03,0.212069
16.00,62000.00,2.10754038e-03,0.210754
18.00,61000.00,2.09669519e-03,0.209670
20.00,60000.00,2.08205139e-03,0.208205
22.00,59000.00,2.06854693e-03,0.206855
24.00,58000.00,2.05485896e-03,0.205486
26.00,57000.00,2.04082305e-03,0.204082
28.00,56000.00,2.02747335e-03,0.202747
30.00,55000.00,2.01391065e-03,0.201391
32.00,54000.00,2.00197258e-03,0.200197
34.00,53000.00,1.98925480e-03,0.198925
36.00,52000.00,1.97424022e-03,0.197424
38.00,51000.00,1.96116869e-03,0.196117
40.00,50000.00,1.94868371e-03,0.194868
42.00,49000.00,1.93611317e-03,0.193611
44.00,48000.00,1.92288512e-03,0.192289
46.00,47000.00,1.91025832e-03,0.191026
48.00,46000.00,1.89548258e-03,0.189548
50.00,45000.00,1.88224217e-03,0.188224
52.00,44000.00,1.86942867e-03,0.186943
54.00,43000.00,1.85414340e-03,0.185414
56.00,42000.00,1.84239965e-03,0.184240
58.00,41000.00,1.82840006e-03,0.182840
60.00,40000.00,1.81589254e-03,0.181589
62.00,39000.00,1.80162937e-03,0.180163
64.00,38000.00,1.78843948e-03,0.178844
66.00,37000.00,1.77446557e-03,0.177447
68.00,36000.00,1.76298453e-03,0.176298
70.00,35000.00,1.74919193e-03,0.174919
72.00,34000.00,1.73587665e-03,0.173588
74.00,33000.00,1.72108691e-03,0.172109
76.00,32000.00,1.70858466e-03,0.170858
78.00,31000.00,1.69652776e-03,0.169653
80.00,30000.00,1.68358688e-03,0.168359
82.00,29000.00,1.66958795e-03,0.166959
84.00,28000.00,1.65493696e-03,0.165494
86.00,27000.00,1.64294414e-03,0.164294
88.00,26000.00,1.62982816e-03,0.162983
90.00,25000.00,1.61496925e-03,0.161497
92.00,24000.00,1.60210354e-03,0.160210
94.00,23000.00,1.58942635e-03,0.158943
96.00,22000.00,1.57679806e-03,0.157680
98.00,21000.00,1.56241176e-03,0.156241
100.00,20000.00,1.54745107e-03,0.154745
102.00,19000.00,1.53539934e-03,0.153540
104.00,18000.00,1.52329489e-03,0.152329
106.00,17000.00,1.50885373e-03,0.150885
108.00,16000.00,1.49532805e-03,0.149533
110.00,15000.00,1.48177636e-03,0.148178
112.00,14000.00,1.46868012e-03,0.146868
114.00,13000.00,1.45551232e-03,0.145551
116.00,12000.00,1.44284887e-03,0.144285
118.00,11000.00,1.42767296e-03,0.142767
120.00,10000.00,1.41428615e-03,0.141429
122.00,9000.00,1.40074408e-03,0.140074
124.00,8000.00,1.38908046e-03,0.138908
126.00,7000.00,1.37509778e-03,0.137510
128.00,6000.00,1.36048654e-03,0.136049
130.00,5000.00,1.34845445e-03,0.134845
132.00,4000.00,1.33401075e-03,0.133401
134.00,3000.00,1.31867896e-03,0.131868
136.00,2000.00,1.30226356e-03,0.130226
138.00,1000.00,1.28323089e-03,0.128323
140.00,0.00,1.26666863e-03,0.126667
142.00,-1000.00,1.24450946e-03,0.124451
144.00,-2000.00,1.21686518e-03,0.121687
146.00,-3000.00,1.18327072e-03,0.118327
148.00,-4000.00,1.14265828e-03,0.114266
150.00,-5000.00,1.08537746e-03,0.108538
152.00,-6000.00,1.01141050e-03,0.101141
154.00,-7000.00,9.06470933e-04,0.090647
156.00,-8000.00,7.71365060e-04,0.077137
158.00,-9000.00,5.95602833e-04,0.059560
160.00,-10000.00,3.77817753e-04,0.037782
162.00,-11000.00,1.23635949e-04,0.012364
164.00,-12000.00,-1.52256775e-04,-0.015226
166.00,-13000.00,-4.29114874e-04,-0.042911
168.00,-14000.00,-6.87155907e-04,-0.068716
170.00,-15000.00,-9.04313515e-04,-0.090431
172.00,-16000.00,-1.08224024e-03,-0.108224
174.00,-17000.00,-1.22033326e-03,-0.122033
176.00,-18000.00,-1.32543991e-03,-0.132544
178.00,-19000.00,-1.40079803e-03,-0.140080
180.00,-20000.00,-1.45674524e-03,-0.145675
182.00,-21000.00,-1.50073284e-03,-0.150073
184.00,-22000.00,-1.53668193e-03,-0.153668
186.00,-23000.00,-1.56265078e-03,-0.156265
188.00,-24000.00,-1.58520417e-03,-0.158520
190.00,-25000.00,-1.60299181e-03,-0.160299
192.00,-26000.00,-1.62100987e-03,-0.162101
194.00,-27000.00,-1.63693240e-03,-0.163693
196.00,-28000.00,-1.65057836e-03,-0.165058
198.00,-29000.00,-1.66548834e-03,-0.166549
200.00,-30000.00,-1.68052426e-03,-0.168052
202.00,-31000.00,-1.69287306e-03,-0.169287
204.00,-32000.00,-1.70896676e-03,-0.170897
206.00,-33000.00,-1.72026899e-03,-0.172027
208.00,-34000.00,-1.73595658e-03,-0.173596
210.00,-35000.00,-1.74646204e-03,-0.174646
212.00,-36000.00,-1.76109004e-03,-0.176109
214.00,-37000.00,-1.77530804e-03,-0.177531
216.00,-38000.00,-1.78848539e-03,-0.178849
218.00,-39000.00,-1.80236285e-03,-0.180236
220.00,-40000.00,-1.81522651e-03,-0.181523
222.00,-41000.00,-1.82784880e-03,-0.182785
224.00,-42000.00,-1.84189965e-03,-0.184190
226.00,-43000.00,-1.85410121e-03,-0.185410
228.00,-44000.00,-1.86814597e-03,-0.186815
230.00,-45000.00,-1.88209453e-03,-0.188209
232.00,-46000.00,-1.89440200e-03,-0.189440
234.00,-47000.00,-1.90879355e-03,-0.190879
236.00,-48000.00,-1.92207930e-03,-0.192208
238.00,-49000.00,-1.93637661e-03,-0.193638
240.00,-50000.00,-1.94752111e-03,-0.194752
242.00,-51000.00,-1.96315127e-03,-0.196315
244.00,-52000.00,-1.97261903e-03,-0.197262
246.00,-53000.00,-1.98795195e-03,-0.198795
248.00,-54000.00,-2.00030891e-03,-0.200031
250.00,-55000.00,-2.01297112e-03,-0.201297
252.00,-56000.00,-2.02810433e-03,-0.202810
254.00,-57000.00,-2.04077245e-03,-0.204077
256.00,-58000.00,-2.05581151e-03,-0.205581
258.00,-59000.00,-2.06777186e-03,-0.206777
260.00,-60000.00,-2.07922266e-03,-0.207922
262.00,-61000.00,-2.09471692e-03,-0.209472
264.00,-62000.00,-2.10785019e-03,-0.210785
266.00,-63000.00,-2.12023249e-03,-0.212023
268.00,-64000.00,-2.13568435e-03,-0.213568
270.00,-65000.00,-2.14781736e-03,-0.214782
272.00,-66000.00,-2.16080588e-03,-0.216081
274.00,-67000.00,-2.17252641e-03,-0.217253
276.00,-68000.00,-2.18720764e-03,-0.218721
278.00,-69000.00,-2.19888649e-03,-0.219889
280.00,-70000.00,-2.21418994e-03,-0.221419
282.00,-70000.00,-2.21324136e-03,-0.221324
284.00,-69000.00,-2.20073686e-03,-0.220074
286.00,-68000.00,-2.18632239e-03,-0.218632
288.00,-67000.00,-2.17447998e-03,-0.217448
290.00,-66000.00,-2.16203548e-03,-0.216204
292.00,-65000.00,-2.14712253e-03,-0.214712
294.00,-64000.00,-2.13483372e-03,-0.213483
296.00,-63000.00,-2.12142794e-03,-0.212143
298.00,-62000.00,-2.10690508e-03,-0.210691
300.00,-61000.00,-2.09549080e-03,-0.209549
302.00,-60000.00,-2.08231601e-03,-0.208232
304.00,-59000.00,-2.06824807e-03,-0.206825
306.00,-58000.00,-2.05313554e-03,-0.205314
308.00,-57000.00,-2.04194173e-03,-0.204194
310.00,-56000.00,-2.02540608e-03,-0.202541
312.00,-55000.00,-2.01449739e-03,-0.201450
314.00,-54000.00,-2.00238627e-03,-0.200239
316.00,-53000.00,-1.98881592e-03,-0.198882
318.00,-52000.00,-1.97473892e-03,-0.197474
320.00,-51000.00,-1.96125255e-03,-0.196125
322.00,-50000.00,-1.94818345e-03,-0.194818
324.00,-49000.00,-1.93653094e-03,-0.193653
326.00,-48000.00,-1.91984576e-03,-0.191985
328.00,-47000.00,-1.90830061e-03,-0.190830
330.00,-46000.00,-1.89520881e-03,-0.189521
332.00,-45000.00,-1.87945636e-03,-0.187946
334.00,-44000.00,-1.86754750e-03,-0.186755
336.00,-43000.00,-1.85559248e-03,-0.185559
338.00,-42000.00,-1.84060755e-03,-0.184061
340.00,-41000.00,-1.82733727e-03,-0.182734
342.00,-40000.00,-1.81496712e-03,-0.181497
344.00,-39000.00,-1.80167225e-03,-0.180167
346.00,-38000.00,-1.78756163e-03,-0.178756
348.00,-37000.00,-1.77574750e-03,-0.177575
350.00,-36000.00,-1.76040685e-03,-0.176041
352.00,-35000.00,-1.74787441e-03,-0.174787
354.00,-34000.00,-1.73570562e-03,-0.173571
356.00,-33000.00,-1.72092629e-03,-0.172093
358.00,-32000.00,-1.70788452e-03,-0.170788
360.00,-31000.00,-1.69426911e-03,-0.169427
362.00,-30000.00,-1.68493063e-03,-0.168493
364.00,-29000.00,-1.66759670e-03,-0.166760
366.00,-28000.00,-1.65402744e-03,-0.165403
368.00,-27000.00,-1.64196715e-03,-0.164197
370.00,-26000.00,-1.62637770e-03,-0.162638
372.00,-25000.00,-1.61685120e-03,-0.161685
374.00,-24000.00,-1.60408713e-03,-0.160409
376.00,-23000.00,-1.58980230e-03,-0.158980
378.00,-22000.00,-1.57594285e-03,-0.157594
380.00,-21000.00,-1.56128284e-03,-0.156128
382.00,-20000.00,-1.54736022e-03,-0.154736
384.00,-19000.00,-1.53643381e-03,-0.153643
386.00,-18000.00,-1.52032512e-03,-0.152033
388.00,-17000.00,-1.50959894e-03,-0.150960
390.00,-16000.00,-1.49452954e-03,-0.149453
392.00,-15000.00,-1.48067000e-03,-0.148067
394.00,-14000.00,-1.46969872e-03,-0.146970
396.00,-13000.00,-1.45673295e-03,-0.145673
398.00,-12000.00,-1.44320358e-03,-0.144320
400.00,-11000.00,-1.42933077e-03,-0.142933
402.00,-10000.00,-1.41640409e-03,-0.141640
404.00,-9000.00,-1.40203139e-03,-0.140203
406.00,-8000.00,-1.39026027e-03,-0.139026
408.00,-7000.00,-1.37282537e-03,-0.137283
410.00,-6000.00,-1.36246601e-03,-0.136247
412.00,-5000.00,-1.34798441e-03,-0.134798
414.00,-4000.00,-1.33281670e-03,-0.133282
416.00,-3000.00,-1.31763333e-03,-0.131763
418.00,-2000.00,-1.30110256e-03,-0.130110
420.00,-1000.00,-1.28653657e-03,-0.128654
422.00,0.00,-1.26451629e-03,-0.126452
424.00,1000.00,-1.24348259e-03,-0.124348
426.00,2000.00,-1.21557800e-03,-0.121558
428.00,3000.00,-1.18530711e-03,-0.118531
430.00,4000.00,-1.14188818e-03,-0.114189
432.00,5000.00,-1.08488011e-03,-0.108488
434.00,6000.00,-1.00635341e-03,-0.100635
436.00,7000.00,-9.07057778e-04,-0.090706
438.00,8000.00,-7.69402335e-04,-0.076940
440.00,9000.00,-5.95783510e-04,-0.059578
442.00,10000.00,-3.76221628e-04,-0.037622
444.00,11000.00,-1.23861821e-04,-0.012386
446.00,12000.00,1.51174593e-04,0.015117
448.00,13000.00,4.27995192e-04,0.042800
450.00,14000.00,6.84281548e-04,0.068428
452.00,15000.00,9.03577014e-04,0.090358
454.00,16000.00,1.08312610e-03,0.108313
456.00,17000.00,1.22003991e-03,0.122004
458.00,18000.00,1.32364361e-03,0.132364
460.00,19000.00,1.40181783e-03,0.140182
462.00,20000.00,1.45864495e-03,0.145864
464.00,21000.00,1.50148488e-03,0.150148
466.00,22000.00,1.53551579e-03,0.153552
468.00,23000.00,1.56202909e-03,0.156203
470.00,24000.00,1.58441100e-03,0.158441
472.00,25000.00,1.60518667e-03,0.160519
474.00,26000.00,1.62252870e-03,0.162253
476.00,27000.00,1.63668178e-03,0.163668
478.00,28000.00,1.65221303e-03,0.165221
480.00,29000.00,1.66546934e-03,0.166547
482.00,30000.00,1.68123357e-03,0.168123
484.00,31000.00,1.69315675e-03,0.169316
486.00,32000.00,1.70725987e-03,0.170726
488.00,33000.00,1.72117866e-03,0.172118
490.00,34000.00,1.73363266e-03,0.173363
492.00,35000.00,1.74845123e-03,0.174845
494.00,36000.00,1.76156115e-03,0.176156
496.00,37000.00,1.77407401e-03,0.177407
498.00,38000.00,1.78904912e-03,0.178905
500.00,39000.00,1.80193736e-03,0.180194
502.00,40000.00,1.81517453e-03,0.181517
504.00,41000.00,1.82845387e-03,0.182845
506.00,42000.00,1.84001555e-03,0.184002
508.00,43000.00,1.85621638e-03,0.185622
510.00,44000.00,1.86598436e-03,0.186598
512.00,45000.00,1.88248830e-03,0.188249
514.00,46000.00,1.89543491e-03,0.189543
516.00,47000.00,1.90838540e-03,0.190839
518.00,48000.00,1.92059349e-03,0.192059
520.00,49000.00,1.93477762e-03,0.193478
522.00,50000.00,1.94795397e-03,0.194795
524.00,51000.00,1.96303002e-03,0.196303
526.00,52000.00,1.97641750e-03,0.197642
528.00,53000.00,1.98812345e-03,0.198812
530.00,54000.00,1.99969249e-03,0.199969
532.00,55000.00,2.01537369e-03,0.201537
534.00,56000.00,2.02975530e-03,0.202976
536.00,57000.00,2.04222738e-03,0.204223
538.00,58000.00,2.05533860e-03,0.205534
540.00,59000.00,2.06741739e-03,0.206742
542.00,60000.00,2.08030696e-03,0.208031
544.00,61000.00,2.09411345e-03,0.209411
546.00,62000.00,2.10757262e-03,0.210757
548.00,63000.00,2.12098599e-03,0.212099
550.00,64000.00,2.13367704e-03,0.213368
552.00,65000.00,2.14630094e-03,0.214630
554.00,66000.00,2.16086175e-03,0.216086
556.00,67000.00,2.17292758e-03,0.217293
558.00,68000.00,2.18656158e-03,0.218656
560.00,69000.00,2.20057639e-03,0.220058
562.00,70000.00,2.21560116e-03,0.221560
