; SYNTHETIC DATA – not measured – generated by make_demo_data.py
[Header]
FILE OPEN TIME, 06/20/2025 12:00:00 PM
INFO, Synthetic MPMS3 SQUID VSM Data
SAMPLE_DIAMETER_UM, 3
IS_ANNEALED, True
[Data]
Time,Magnetic Field (Oe),Moment (emu),Volts (V)
0.00,70000.00,2.06954152e-03,0.206954
2.00,69000.00,2.05334992e-03,0.205335
4.00,68000.00,2.04069877e-03,0.204070
6.00,67000.00,2.02882879e-03,0.202883
8.00,66000.00,2.01508471e-03,0.201508
10.00,65000.00,2.00208415e-03,0.200208
12.00,64000.00,1.98794791e-03,0.198795
14.00,63000.00,1.97638035e-03,0.197638
16.00,62000.00,1.96297875e-03,0.196298
18.00,61000.00,1.94896698e-03,0.194897
20.00,60000.00,1.93672819e-03,0.193673
22.00,59000.00,1.92276846e-03,0.192277
24.00,58000.00,1.90814166e-03,0.190814
26.00,57000.00,1.89606970e-03,0.189607
28.00,56000.00,1.88144207e-03,0.188144
30.00,55000.00,1.86997940e-03,0.186998
32.00,54000.00,1.85575103e-03,0.185575
34.00,53000.00,1.84231609e-03,0.184232
36.00,52000.00,1.82852002e-03,0.182852
38.00,51000.00,1.81712349e-03,0.181712
40.00,50000.00,1.80244642e-03,0.180245
42.00,49000.00,1.78887263e-03,0.178887
44.00,48000.00,1.77564882e-03,0.177565
46.00,47000.00,1.76323326e-03,0.176323
48.00,46000.00,1.74976640e-03,0.174977
50.00,45000.00,1.73651369e-03,0.173651
52.00,44000.00,1.72323177e-03,0.172323
54.00,43000.00,1.71164260e-03,0.171164
56.00,42000.00,1.69579454e-03,0.169579
58.00,41000.00,1.68238871e-03,0.168239
60.00,40000.00,1.66878718e-03,0.166879
62.00,39000.00,1.65691693e-03,0.165692
64.00,38000.00,1.64412992e-03,0.164413
66.00,37000.00,1.62958700e-03,0.162959
68.00,36000.00,1.61556079e-03,0.161556
70.00,35000.00,1.60227647e-03,0.160228
72.00,34000.00,1.59045154e-03,0.159045
74.00,33000.00,1.57724419e-03,0.157724
76.00,32000.00,1.56374409e-03,0.156374
78.00,31000.00,1.54923541e-03,0.154924
80.00,30000.00,1.53683307e-03,0.153683
82.00,29000.00,1.52341756e-03,0.152342
84.00,28000.00,1.51021953e-03,0.151022
86.00,27000.00,1.49757221e-03,0.149757
88.00,26000.00,1.48362428e-03,0.148362
90.00,25000.00,1.47077946e-03,0.147078
92.00,24000.00,1.45686791e-03,0.145687
94.00,23000.00,1.44378913e-03,0.144379
96.00,22000.00,1.43083080e-03,0.143083
98.00,21000.00,1.41544160e-03,0.141544
100.00,20000.00,1.40327793e-03,0.140328
102.00,19000.00,1.38982547e-03,0.138983
104.00,18000.00,1.37635429e-03,0.137635
106.00,17000.00,1.36341394e-03,0.136341
108.00,16000.00,1.35187781e-03,0.135188
110.00,15000.00,1.33620756e-03,0.133621
112.00,14000.00,1.32472722e-03,0.132473
114.00,13000.00,1.30875405e-03,0.130875
116.00,12000.00,1.29676848e-03,0.129677
118.00,11000.00,1.28391498e-03,0.128391
120.00,10000.00,1.27096051e-03,0.127096
122.00,9000.00,1.25766673e-03,0.125767
124.00,8000.00,1.24426785e-03,0.124427
126.00,7000.00,1.22954997e-03,0.122955
128.00,6000.00,1.21571611e-03,0.121572
130.00,5000.00,1.20309626e-03,0.120310
132.00,4000.00,1.18777199e-03,0.118777
134.00,3000.00,1.17190324e-03,0.117190
136.00,2000.00,1.15648704e-03,0.115649
138.00,1000.00,1.13996720e-03,0.113997
140.00,0.00,1.12287053e-03,0.112287
142.00,-1000.00,1.10131625e-03,0.110132
144.00,-2000.00,1.07663034e-03,0.107663
146.00,-3000.00,1.04426545e-03,0.104427
148.00,-4000.00,1.00474460e-03,0.100474
150.00,-5000.00,9.52277381e-04,0.095228
152.00,-6000.00,8.80315069e-04,0.088032
154.00,-7000.00,7.85512918e-04,0.078551
156.00,-8000.00,6.57419896e-04,0.065742
158.00,-9000.00,4.93877388e-04,0.049388
160.00,-10000.00,2.92021161e-04,0.029202
162.00,-11000.00,5.76268904e-05,0.005763
164.00,-12000.00,-1.91406240e-04,-0.019141
166.00,-13000.00,-4.40296209e-04,-0.044030
168.00,-14000.00,-6.65947447e-04,-0.066595
170.00,-15000.00,-8.57339480e-04,-0.085734
172.00,-16000.00,-1.01092631e-03,-0.101093
174.00,-17000.00,-1.12857587e-03,-0.112858
176.00,-18000.00,-1.21761223e-03,-0.121761
178.00,-19000.00,-1.28349548e-03,-0.128350
180.00,-20000.00,-1.33216585e-03,-0.133217
182.00,-21000.00,-1.37115268e-03,-0.137115
184.00,-22000.00,-1.40029948e-03,-0.140030
186.00,-23000.00,-1.42415704e-03,-0.142416
188.00,-24000.00,-1.44419577e-03,-0.144420
190.00,-25000.00,-1.46075785e-03,-0.146076
192.00,-26000.00,-1.47843052e-03,-0.147843
194.00,-27000.00,-1.49322034e-03,-0.149322
196.00,-28000.00,-1.50616840e-03,-0.150617
198.00,-29000.00,-1.52199439e-03,-0.152199
200.00,-30000.00,-1.53477214e-03,-0.153477
202.00,-31000.00,-1.55011842e-03,-0.155012
204.00,-32000.00,-1.56293645e-03,-0.156294
206.00,-33000.00,-1.57714261e-03,-0.157714
208.00,-34000.00,-1.58993765e-03,-0.158994
210.00,-35000.00,-1.60212788e-03,-0.160213
212.00,-36000.00,-1.61804116e-03,-0.161804
214.00,-37000.00,-1.62920937e-03,-0.162921
216.00,-38000.00,-1.64272572e-03,-0.164273
218.00,-39000.00,-1.65687050e-03,-0.165687
220.00,-40000.00,-1.67103087e-03,-0.167103
222.00,-41000.00,-1.68281823e-03,-0.168282
224.00,-42000.00,-1.69672350e-03,-0.169672
226.00,-43000.00,-1.70926372e-03,-0.170926
228.00,-44000.00,-1.72277611e-03,-0.172278
230.00,-45000.00,-1.73449721e-03,-0.173450
232.00,-46000.00,-1.74963902e-03,-0.174964
234.00,-47000.00,-1.76372361e-03,-0.176372
236.00,-48000.00,-1.77582112e-03,-0.177582
238.00,-49000.00,-1.78908059e-03,-0.178908
240.00,-50000.00,-1.80124153e-03,-0.180124
242.00,-51000.00,-1.81506569e-03,-0.181507
244.00,-52000.00,-1.82884398e-03,-0.182884
246.00,-53000.00,-1.84103758e-03,-0.184104
248.00,-54000.00,-1.85698967e-03,-0.185699
250.00,-55000.00,-1.86974068e-03,-0.186974
252.00,-56000.00,-1.88332751e-03,-0.188333
254.00,-57000.00,-1.89609075e-03,-0.189609
256.00,-58000.00,-1.91037763e-03,-0.191038
258.00,-59000.00,-1.92166580e-03,-0.192167
260.00,-60000.00,-1.93582317e-03,-0.193582
262.00,-61000.00,-1.95037176e-03,-0.195037
264.00,-62000.00,-1.96321653e-03,-0.196322
266.00,-63000.00,-1.97518744e-03,-0.197519
268.00,-64000.00,-1.98796283e-03,-0.198796
270.00,-65000.00,-2.00010422e-03,-0.200010
272.00,-66000.00,-2.01248709e-03,-0.201249
274.00,-67000.00,-2.02828654e-03,-0.202829
276.00,-68000.00,-2.04299049e-03,-0.204299
278.00,-69000.00,-2.05743300e-03,-0.205743
280.00,-70000.00,-2.06833324e-03,-0.206833
282.00,-70000.00,-2.06941389e-03,-0.206941
284.00,-69000.00,-2.05571631e-03,-0.205572
286.00,-68000.00,-2.04261305e-03,-0.204261
288.00,-67000.00,-2.02884174e-03,-0.202884
290.00,-66000.00,-2.01433497e-03,-0.201433
292.00,-65000.00,-2.00194391e-03,-0.200194
294.00,-64000.00,-1.98895959e-03,-0.198896
296.00,-63000.00,-1.97653661e-03,-0.197654
298.00,-62000.00,-1.96387564e-03,-0.196388
300.00,-61000.00,-1.94938726e-03,-0.194939
302.00,-60000.00,-1.93565474e-03,-0.193565
304.00,-59000.00,-1.92053302e-03,-0.192053
306.00,-58000.00,-1.90887068e-03,-0.190887
308.00,-57000.00,-1.89471821e-03,-0.189472
310.00,-56000.00,-1.88290025e-03,-0.188290
312.00,-55000.00,-1.87028590e-03,-0.187029
314.00,-54000.00,-1.85676607e-03,-0.185677
316.00,-53000.00,-1.84322618e-03,-0.184323
318.00,-52000.00,-1.82707248e-03,-0.182707
320.00,-51000.00,-1.81672234e-03,-0.181672
322.00,-50000.00,-1.80176246e-03,-0.180176
324.00,-49000.00,-1.79020388e-03,-0.179020
326.00,-48000.00,-1.77506938e-03,-0.177507
328.00,-47000.00,-1.76231600e-03,-0.176232
330.00,-46000.00,-1.74955759e-03,-0.174956
332.00,-45000.00,-1.73614172e-03,-0.173614
334.00,-44000.00,-1.72345574e-03,-0.172346
336.00,-43000.00,-1.70905488e-03,-0.170905
338.00,-42000.00,-1.69665594e-03,-0.169666
340.00,-41000.00,-1.68412656e-03,-0.168413
342.00,-40000.00,-1.67087889e-03,-0.167088
344.00,-39000.00,-1.65612836e-03,-0.165613
346.00,-38000.00,-1.64142186e-03,-0.164142
348.00,-37000.00,-1.62954096e-03,-0.162954
350.00,-36000.00,-1.61651959e-03,-0.161652
352.00,-35000.00,-1.60281512e-03,-0.160282
354.00,-34000.00,-1.58849494e-03,-0.158849
356.00,-33000.00,-1.57628156e-03,-0.157628
358.00,-32000.00,-1.56361186e-03,-0.156361
360.00,-31000.00,-1.54879463e-03,-0.154879
362.00,-30000.00,-1.53617215e-03,-0.153617
364.00,-29000.00,-1.52176512e-03,-0.152177
366.00,-28000.00,-1.50981760e-03,-0.150982
368.00,-27000.00,-1.49792525e-03,-0.149793
370.00,-26000.00,-1.48476885e-03,-0.148477
372.00,-25000.00,-1.46844962e-03,-0.146845
374.00,-24000.00,-1.45507667e-03,-0.145508
376.00,-23000.00,-1.44367953e-03,-0.144368
378.00,-22000.00,-1.43058270e-03,-0.143058
380.00,-21000.00,-1.41543731e-03,-0.141544
382.00,-20000.00,-1.40470465e-03,-0.140470
384.00,-19000.00,-1.39119057e-03,-0.139119
386.00,-18000.00,-1.37634984e-03,-0.137635
388.00,-17000.00,-1.36408369e-03,-0.136408
390.00,-16000.00,-1.35038799e-03,-0.135039
392.00,-15000.00,-1.33723683e-03,-0.133724
394.00,-14000.00,-1.32342137e-03,-0.132342
396.00,-13000.00,-1.30902944e-03,-0.130903
398.00,-12000.00,-1.29701278e-03,-0.129701
400.00,-11000.00,-1.28310829e-03,-0.128311
402.00,-10000.00,-1.27242446e-03,-0.127242
404.00,-9000.00,-1.25700423e-03,-0.125700
406.00,-8000.00,-1.24431773e-03,-0.124432
408.00,-7000.00,-1.23111751e-03,-0.123112
410.00,-6000.00,-1.21705661e-03,-0.121706
412.00,-5000.00,-1.20257241e-03,-0.120257
414.00,-4000.00,-1.18704739e-03,-0.118705
416.00,-3000.00,-1.17450532e-03,-0.117451
418.00,-2000.00,-1.15758970e-03,-0.115759
420.00,-1000.00,-1.14137083e-03,-0.114137
422.00,0.00,-1.12270104e-03,-0.112270
424.00,1000.00,-1.10017107e-03,-0.110017
426.00,2000.00,-1.07540174e-03,-0.107540
428.00,3000.00,-1.04335531e-03,-0.104336
430.00,4000.00,-1.00474057e-03,-0.100474
432.00,5000.00,-9.52347733e-04,-0.095235
434.00,6000.00,-8.80848274e-04,-0.088085
436.00,7000.00,-7.84813646e-04,-0.078481
438.00,8000.00,-6.57905248e-04,-0.065791
440.00,9000.00,-4.95324830e-04,-0.049532
442.00,10000.00,-2.92312409e-04,-0.029231
444.00,11000.00,-5.85945017e-05,-0.005859
446.00,12000.00,1.94410686e-04,0.019441
448.00,13000.00,4.41703651e-04,0.044170
450.00,14000.00,6.65106697e-04,0.066511
452.00,15000.00,8.57532843e-04,0.085753
454.00,16000.00,1.00990940e-03,0.100991
456.00,17000.00,1.12865054e-03,0.112865
458.00,18000.00,1.21782935e-03,0.121783
460.00,19000.00,1.28427804e-03,0.128428
462.00,20000.00,1.33135705e-03,0.133136
464.00,21000.00,1.36881120e-03,0.136881
466.00,22000.00,1.39670508e-03,0.139671
468.00,23000.00,1.42267168e-03,0.142267
470.00,24000.00,1.44213611e-03,0.144214
472.00,25000.00,1.46062819e-03,0.146063
474.00,26000.00,1.47664818e-03,0.147665
476.00,27000.00,1.49274791e-03,0.149275
478.00,28000.00,1.50570990e-03,0.150571
480.00,29000.00,1.52017108e-03,0.152017
482.00,30000.00,1.53763890e-03,0.153764
484.00,31000.00,1.54789738e-03,0.154790
486.00,32000.00,1.56163423e-03,0.156163
488.00,33000.00,1.57802951e-03,0.157803
490.00,34000.00,1.59250369e-03,0.159250
492.00,35000.00,1.60179663e-03,0.160180
494.00,36000.00,1.61594559e-03,0.161595
496.00,37000.00,1.62998535e-03,0.162999
498.00,38000.00,1.64469215e-03,0.164469
500.00,39000.00,1.65528949e-03,0.165529
502.00,40000.00,1.66933953e-03,0.166934
504.00,41000.00,1.68366770e-03,0.168367
506.00,42000.00,1.69662877e-03,0.169663
508.00,43000.00,1.70912024e-03,0.170912
510.00,44000.00,1.72266414e-03,0.172266
512.00,45000.00,1.73472409e-03,0.173472
514.00,46000.00,1.74916149e-03,0.174916
516.00,47000.00,1.76243372e-03,0.176243
518.00,48000.00,1.77623257e-03,0.177623
520.00,49000.00,1.78874526e-03,0.178875
522.00,50000.00,1.80307225e-03,0.180307
524.00,51000.00,1.81691351e-03,0.181691
526.00,52000.00,1.82935628e-03,0.182936
528.00,53000.00,1.84285264e-03,0.184285
530.00,54000.00,1.85585406e-03,0.185585
532.00,55000.00,1.86910101e-03,0.186910
534.00,56000.00,1.88167938e-03,0.188168
536.00,57000.00,1.89601744e-03,0.189602
538.00,58000.00,1.90890366e-03,0.190890
540.00,59000.00,1.92439412e-03,0.192439
542.00,60000.00,1.93717430e-03,0.193717
544.00,61000.00,1.94928680e-03,0.194929
546.00,62000.00,1.96143789e-03,0.196144
548.00,63000.00,1.97438854e-03,0.197439
550.00,64000.00,1.98999210e-03,0.198999
552.00,65000.00,2.00236370e-03,0.200236
554.00,66000.00,2.01588110e-03,0.201588
556.00,67000.00,2.02695637e-03,0.202696
558.00,68000.00,2.04292839e-03,0.204293
560.00,69000.00,2.05575537e-03,0.205576
562.00,70000.00,2.06749052e-03,0.206749
