; SYNTHETIC DATA – not measured – generated by make_demo_data.py
[Header]
FILE OPEN TIME, 06/20/2025 12:00:00 PM
INFO, Synthetic MPMS3 SQUID VSM Data
SAMPLE_DIAMETER_UM, 8
IS_ANNEALED, True
[Data]
Time,Magnetic Field (Oe),Moment (emu),Volts (V)
0.00,70000.00,2.21338203e-03,0.221338
2.00,69000.00,2.19883768e-03,0.219884
4.00,68000.00,2.18435686e-03,0.218436
6.00,67000.00,2.17293593e-03,0.217294
8.00,66000.00,2.15813609e-03,0.215814
10.00,65000.00,2.14588917e-03,0.214589
12.00,64000.00,2.13334561e-03,0.213335
14.00,63000.00,2.11960956e-03,0.211961
16.00,62000.00,2.10592398e-03,0.210592
18.00,61000.00,2.09122087e-03,0.209122
20.00,60000.00,2.07893728e-03,0.207894
22.00,59000.00,2.06493111e-03,0.206493
24.00,58000.00,2.05371647e-03,0.205372
26.00,57000.00,2.03964093e-03,0.203964
28.00,56000.00,2.02663644e-03,0.202664
30.00,55000.00,2.01358307e-03,0.201358
32.00,54000.00,1.99960184e-03,0.199960
34.00,53000.00,1.98543697e-03,0.198544
36.00,52000.00,1.97249056e-03,0.197249
38.00,51000.00,1.95918792e-03,0.195919
40.00,50000.00,1.94530109e-03,0.194530
42.00,49000.00,1.93280793e-03,0.193281
44.00,48000.00,1.91855882e-03,0.191856
46.00,47000.00,1.90619663e-03,0.190620
48.00,46000.00,1.89250295e-03,0.189250
50.00,45000.00,1.87946472e-03,0.187946
52.00,44000.00,1.86857222e-03,0.186857
54.00,43000.00,1.85245300e-03,0.185245
56.00,42000.00,1.84044727e-03,0.184045
58.00,41000.00,1.82510594e-03,0.182511
60.00,40000.00,1.81345593e-03,0.181346
62.00,39000.00,1.80053042e-03,0.180053
64.00,38000.00,1.78664138e-03,0.178664
66.00,37000.00,1.77301256e-03,0.177301
68.00,36000.00,1.76029828e-03,0.176030
70.00,35000.00,1.74756328e-03,0.174756
72.00,34000.00,1.73564550e-03,0.173565
74.00,33000.00,1.71870067e-03,0.171870
76.00,32000.00,1.70695916e-03,0.170696
78.00,31000.00,1.69458381e-03,0.169458
80.00,30000.00,1.68075869e-03,0.168076
82.00,29000.00,1.66820834e-03,0.166821
84.00,28000.00,1.65465077e-03,0.165465
86.00,27000.00,1.64019196e-03,0.164019
88.00,26000.00,1.62686656e-03,0.162687
90.00,25000.00,1.61230983e-03,0.161231
92.00,24000.00,1.59952191e-03,0.159952
94.00,23000.00,1.58623711e-03,0.158624
96.00,22000.00,1.57520989e-03,0.157521
98.00,21000.00,1.56118884e-03,0.156119
100.00,20000.00,1.54614291e-03,0.154614
102.00,19000.00,1.53384319e-03,0.153384
104.00,18000.00,1.52039532e-03,0.152040
106.00,17000.00,1.50673098e-03,0.150673
108.00,16000.00,1.49303359e-03,0.149303
110.00,15000.00,1.47971849e-03,0.147972
112.00,14000.00,1.46901698e-03,0.146902
114.00,13000.00,1.45201996e-03,0.145202
116.00,12000.00,1.43868978e-03,0.143869
118.00,11000.00,1.42877548e-03,0.142878
120.00,10000.00,1.41390661e-03,0.141391
122.00,9000.00,1.39999457e-03,0.139999
124.00,8000.00,1.38741666e-03,0.138742
126.00,7000.00,1.37247061e-03,0.137247
128.00,6000.00,1.35912066e-03,0.135912
130.00,5000.00,1.34356351e-03,0.134356
132.00,4000.00,1.32925376e-03,0.132925
134.00,3000.00,1.31725846e-03,0.131726
136.00,2000.00,1.30117103e-03,0.130117
138.00,1000.00,1.28276850e-03,0.128277
140.00,0.00,1.26332735e-03,0.126333
142.00,-1000.00,1.24269949e-03,0.124270
144.00,-2000.00,1.21610000e-03,0.121610
146.00,-3000.00,1.18278370e-03,0.118278
148.00,-4000.00,1.14052324e-03,0.114052
150.00,-5000.00,1.08387269e-03,0.108387
152.00,-6000.00,1.00985680e-03,0.100986
154.00,-7000.00,9.09107563e-04,0.090911
156.00,-8000.00,7.75140561e-04,0.077514
158.00,-9000.00,6.01311989e-04,0.060131
160.00,-10000.00,3.88366842e-04,0.038837
162.00,-11000.00,1.35468408e-04,0.013547
164.00,-12000.00,-1.37444015e-04,-0.013744
166.00,-13000.00,-4.11937483e-04,-0.041194
168.00,-14000.00,-6.68599923e-04,-0.066860
170.00,-15000.00,-8.89201813e-04,-0.088920
172.00,-16000.00,-1.06916028e-03,-0.106916
174.00,-17000.00,-1.20895433e-03,-0.120895
176.00,-18000.00,-1.31617307e-03,-0.131617
178.00,-19000.00,-1.39531868e-03,-0.139532
180.00,-20000.00,-1.45378653e-03,-0.145379
182.00,-21000.00,-1.49818604e-03,-0.149819
184.00,-22000.00,-1.53273891e-03,-0.153274
186.00,-23000.00,-1.55750947e-03,-0.155751
188.00,-24000.00,-1.58127205e-03,-0.158127
190.00,-25000.00,-1.59992483e-03,-0.159992
192.00,-26000.00,-1.61716447e-03,-0.161716
194.00,-27000.00,-1.63511588e-03,-0.163512
196.00,-28000.00,-1.64996415e-03,-0.164996
198.00,-29000.00,-1.66533072e-03,-0.166533
200.00,-30000.00,-1.67845541e-03,-0.167846
202.00,-31000.00,-1.69301287e-03,-0.169301
204.00,-32000.00,-1.70324992e-03,-0.170325
206.00,-33000.00,-1.71923543e-03,-0.171924
208.00,-34000.00,-1.73387853e-03,-0.173388
210.00,-35000.00,-1.74623860e-03,-0.174624
212.00,-36000.00,-1.75854768e-03,-0.175855
214.00,-37000.00,-1.77252925e-03,-0.177253
216.00,-38000.00,-1.78842506e-03,-0.178843
218.00,-39000.00,-1.79704420e-03,-0.179704
220.00,-40000.00,-1.81237475e-03,-0.181237
222.00,-41000.00,-1.82671291e-03,-0.182671
224.00,-42000.00,-1.84025614e-03,-0.184026
226.00,-43000.00,-1.85343957e-03,-0.185344
228.00,-44000.00,-1.86630796e-03,-0.186631
230.00,-45000.00,-1.87869241e-03,-0.187869
232.00,-46000.00,-1.89196336e-03,-0.189196
234.00,-47000.00,-1.90569845e-03,-0.190570
236.00,-48000.00,-1.91987048e-03,-0.191987
238.00,-49000.00,-1.93143495e-03,-0.193143
240.00,-50000.00,-1.94565316e-03,-0.194565
242.00,-51000.00,-1.95935843e-03,-0.195936
244.00,-52000.00,-1.97505204e-03,-0.197505
246.00,-53000.00,-1.98553050e-03,-0.198553
248.00,-54000.00,-1.99839830e-03,-0.199840
250.00,-55000.00,-2.01147932e-03,-0.201148
252.00,-56000.00,-2.02709131e-03,-0.202709
254.00,-57000.00,-2.03877150e-03,-0.203877
256.00,-58000.00,-2.05247244e-03,-0.205247
258.00,-59000.00,-2.06564827e-03,-0.206565
260.00,-60000.00,-2.07904100e-03,-0.207904
262.00,-61000.00,-2.09227303e-03,-0.209227
264.00,-62000.00,-2.10608917e-03,-0.210609
266.00,-63000.00,-2.11934954e-03,-0.211935
268.00,-64000.00,-2.13356697e-03,-0.213357
270.00,-65000.00,-2.14550658e-03,-0.214551
272.00,-66000.00,-2.15870614e-03,-0.215871
274.00,-67000.00,-2.17312474e-03,-0.217312
276.00,-68000.00,-2.18536035e-03,-0.218536
278.00,-69000.00,-2.19753094e-03,-0.219753
280.00,-70000.00,-2.21289043e-03,-0.221289
282.00,-70000.00,-2.21343190e-03,-0.221343
284.00,-69000.00,-2.19670302e-03,-0.219670
286.00,-68000.00,-2.18608711e-03,-0.218609
288.00,-67000.00,-2.17395879e-03,-0.217396
290.00,-66000.00,-2.15961762e-03,-0.215962
292.00,-65000.00,-2.14469891e-03,-0.214470
294.00,-64000.00,-2.13317841e-03,-0.213318
296.00,-63000.00,-2.11959689e-03,-0.211960
298.00,-62000.00,-2.10729268e-03,-0.210729
300.00,-61000.00,-2.09154864e-03,-0.209155
302.00,-60000.00,-2.08002641e-03,-0.208003
304.00,-59000.00,-2.06685254e-03,-0.206685
306.00,-58000.00,-2.05190865e-03,-0.205191
308.00,-57000.00,-2.04060382e-03,-0.204060
310.00,-56000.00,-2.02428135e-03,-0.202428
312.00,-55000.00,-2.01227985e-03,-0.201228
314.00,-54000.00,-1.99929435e-03,-0.199929
316.00,-53000.00,-1.98514452e-03,-0.198514
318.00,-52000.00,-1.97360778e-03,-0.197361
320.00,-51000.00,-1.96011632e-03,-0.196012
322.00,-50000.00,-1.94476409e-03,-0.194476
324.00,-49000.00,-1.93245580e-03,-0.193246
326.00,-48000.00,-1.92120678e-03,-0.192121
328.00,-47000.00,-1.90442045e-03,-0.190442
330.00,-46000.00,-1.89299972e-03,-0.189300
332.00,-45000.00,-1.87915957e-03,-0.187916
334.00,-44000.00,-1.86598096e-03,-0.186598
336.00,-43000.00,-1.85201347e-03,-0.185201
338.00,-42000.00,-1.83927454e-03,-0.183927
340.00,-41000.00,-1.82749901e-03,-0.182750
342.00,-40000.00,-1.81215072e-03,-0.181215
344.00,-39000.00,-1.80111140e-03,-0.180111
346.00,-38000.00,-1.78601634e-03,-0.178602
348.00,-37000.00,-1.77316370e-03,-0.177316
350.00,-36000.00,-1.76032403e-03,-0.176032
352.00,-35000.00,-1.74716630e-03,-0.174717
354.00,-34000.00,-1.73365848e-03,-0.173366
356.00,-33000.00,-1.72093264e-03,-0.172093
358.00,-32000.00,-1.70582462e-03,-0.170582
360.00,-31000.00,-1.69250017e-03,-0.169250
362.00,-30000.00,-1.67963585e-03,-0.167964
364.00,-29000.00,-1.66789627e-03,-0.166790
366.00,-28000.00,-1.65251968e-03,-0.165252
368.00,-27000.00,-1.64204750e-03,-0.164205
370.00,-26000.00,-1.62598070e-03,-0.162598
372.00,-25000.00,-1.61222857e-03,-0.161223
374.00,-24000.00,-1.60054019e-03,-0.160054
376.00,-23000.00,-1.58664039e-03,-0.158664
378.00,-22000.00,-1.57284658e-03,-0.157285
380.00,-21000.00,-1.55967761e-03,-0.155968
382.00,-20000.00,-1.54835986e-03,-0.154836
384.00,-19000.00,-1.53322413e-03,-0.153322
386.00,-18000.00,-1.52058937e-03,-0.152059
388.00,-17000.00,-1.50696254e-03,-0.150696
390.00,-16000.00,-1.49509905e-03,-0.149510
392.00,-15000.00,-1.48008988e-03,-0.148009
394.00,-14000.00,-1.46551071e-03,-0.146551
396.00,-13000.00,-1.45128834e-03,-0.145129
398.00,-12000.00,-1.44045913e-03,-0.144046
400.00,-11000.00,-1.42770504e-03,-0.142771
402.00,-10000.00,-1.41307949e-03,-0.141308
404.00,-9000.00,-1.39896601e-03,-0.139897
406.00,-8000.00,-1.38733563e-03,-0.138734
408.00,-7000.00,-1.37502810e-03,-0.137503
410.00,-6000.00,-1.35910751e-03,-0.135911
412.00,-5000.00,-1.34548517e-03,-0.134549
414.00,-4000.00,-1.33150609e-03,-0.133151
416.00,-3000.00,-1.31531492e-03,-0.131531
418.00,-2000.00,-1.29962049e-03,-0.129962
420.00,-1000.00,-1.28271530e-03,-0.128272
422.00,0.00,-1.26473909e-03,-0.126474
424.00,1000.00,-1.24225466e-03,-0.124225
426.00,2000.00,-1.21374261e-03,-0.121374
428.00,3000.00,-1.18372859e-03,-0.118373
430.00,4000.00,-1.14068025e-03,-0.114068
432.00,5000.00,-1.08516131e-03,-0.108516
434.00,6000.00,-1.00977819e-03,-0.100978
436.00,7000.00,-9.10660145e-04,-0.091066
438.00,8000.00,-7.75249650e-04,-0.077525
440.00,9000.00,-6.02013419e-04,-0.060201
442.00,10000.00,-3.86350680e-04,-0.038635
444.00,11000.00,-1.35015482e-04,-0.013502
446.00,12000.00,1.35923280e-04,0.013592
448.00,13000.00,4.10641890e-04,0.041064
450.00,14000.00,6.68824764e-04,0.066882
452.00,15000.00,8.89776526e-04,0.088978
454.00,16000.00,1.06965504e-03,0.106966
456.00,17000.00,1.20947002e-03,0.120947
458.00,18000.00,1.31566798e-03,0.131567
460.00,19000.00,1.39634650e-03,0.139635
462.00,20000.00,1.45323113e-03,0.145323
464.00,21000.00,1.49989362e-03,0.149989
466.00,22000.00,1.53100326e-03,0.153100
468.00,23000.00,1.55965200e-03,0.155965
470.00,24000.00,1.58190627e-03,0.158191
472.00,25000.00,1.60191292e-03,0.160191
474.00,26000.00,1.62053559e-03,0.162054
476.00,27000.00,1.63519689e-03,0.163520
478.00,28000.00,1.65108491e-03,0.165108
480.00,29000.00,1.66468795e-03,0.166469
482.00,30000.00,1.67813113e-03,0.167813
484.00,31000.00,1.69238744e-03,0.169239
486.00,32000.00,1.70510384e-03,0.170510
488.00,33000.00,1.71953476e-03,0.171953
490.00,34000.00,1.73384994e-03,0.173385
492.00,35000.00,1.74569796e-03,0.174570
494.00,36000.00,1.76161849e-03,0.176162
496.00,37000.00,1.77050558e-03,0.177051
498.00,38000.00,1.78695183e-03,0.178695
500.00,39000.00,1.79959858e-03,0.179960
502.00,40000.00,1.81237942e-03,0.181238
504.00,41000.00,1.82570770e-03,0.182571
506.00,42000.00,1.84038096e-03,0.184038
508.00,43000.00,1.85306429e-03,0.185306
510.00,44000.00,1.86703040e-03,0.186703
512.00,45000.00,1.88115106e-03,0.188115
514.00,46000.00,1.89069593e-03,0.189070
516.00,47000.00,1.90370018e-03,0.190370
518.00,48000.00,1.91841474e-03,0.191841
520.00,49000.00,1.93283287e-03,0.193283
522.00,50000.00,1.94581744e-03,0.194582
524.00,51000.00,1.95785622e-03,0.195786
526.00,52000.00,1.97203713e-03,0.197204
528.00,53000.00,1.98560267e-03,0.198560
530.00,54000.00,1.99903091e-03,0.199903
532.00,55000.00,2.01169665e-03,0.201170
534.00,56000.00,2.02719640e-03,0.202720
536.00,57000.00,2.03687521e-03,0.203688
538.00,58000.00,2.05221106e-03,0.205221
540.00,59000.00,2.06516395e-03,0.206516
542.00,60000.00,2.07801506e-03,0.207802
544.00,61000.00,2.09088090e-03,0.209088
546.00,62000.00,2.10380803e-03,0.210381
548.00,63000.00,2.11873398e-03,0.211873
550.00,64000.00,2.13101709e-03,0.213102
552.00,65000.00,2.14425263e-03,0.214425
554.00,66000.00,2.15712135e-03,0.215712
556.00,67000.00,2.17146218e-03,0.217146
558.00,68000.00,2.18422793e-03,0.218423
560.00,69000.00,2.19992235e-03,0.219992
562.00,70000.00,2.21136827e-03,0.221137
