; SYNTHETIC DATA – not measured – generated by make_demo_data.py
[Header]
FILE OPEN TIME, 06/20/2025 12:00:00 PM
INFO, Synthetic MPMS3 SQUID VSM Data
SAMPLE_DIAMETER_UM, 5
IS_ANNEALED, True
[Data]
Time,Magnetic Field (Oe),Moment (emu),Volts (V)
0.00,70000.00,2.13490699e-03,0.213491
2.00,69000.00,2.12213654e-03,0.212214
4.00,68000.00,2.10944647e-03,0.210945
6.00,67000.00,2.09621296e-03,0.209621
8.00,66000.00,2.08319024e-03,0.208319
10.00,65000.00,2.07015621e-03,0.207016
12.00,64000.00,2.05617209e-03,0.205617
14.00,63000.00,2.04375164e-03,0.204375
16.00,62000.00,2.03103997e-03,0.203104
18.00,61000.00,2.01741925e-03,0.201742
20.00,60000.00,2.00472820e-03,0.200473
22.00,59000.00,1.99237752e-03,0.199238
24.00,58000.00,1.97661752e-03,0.197662
26.00,57000.00,1.96554953e-03,0.196555
28.00,56000.00,1.94958725e-03,0.194959
30.00,55000.00,1.93728484e-03,0.193728
32.00,54000.00,1.92505611e-03,0.192506
34.00,53000.00,1.91211255e-03,0.191211
36.00,52000.00,1.89813640e-03,0.189814
38.00,51000.00,1.88485758e-03,0.188486
40.00,50000.00,1.87217348e-03,0.187217
42.00,49000.00,1.85764342e-03,0.185764
44.00,48000.00,1.84494203e-03,0.184494
46.00,47000.00,1.83025597e-03,0.183026
48.00,46000.00,1.81609623e-03,0.181610
50.00,45000.00,1.80220025e-03,0.180220
52.00,44000.00,1.79256484e-03,0.179256
54.00,43000.00,1.77840770e-03,0.177841
56.00,42000.00,1.76391541e-03,0.176392
58.00,41000.00,1.75049878e-03,0.175050
60.00,40000.00,1.73726550e-03,0.173727
62.00,39000.00,1.72332954e-03,0.172333
64.00,38000.00,1.71034764e-03,0.171035
66.00,37000.00,1.69748450e-03,0.169748
68.00,36000.00,1.68567228e-03,0.168567
70.00,35000.00,1.67164354e-03,0.167164
72.00,34000.00,1.65646239e-03,0.165646
74.00,33000.00,1.64588006e-03,0.164588
76.00,32000.00,1.63229636e-03,0.163230
78.00,31000.00,1.61829163e-03,0.161829
80.00,30000.00,1.60488284e-03,0.160488
82.00,29000.00,1.59201747e-03,0.159202
84.00,28000.00,1.57838313e-03,0.157838
86.00,27000.00,1.56418369e-03,0.156418
88.00,26000.00,1.55348563e-03,0.155349
90.00,25000.00,1.53923292e-03,0.153923
92.00,24000.00,1.52543033e-03,0.152543
94.00,23000.00,1.51092400e-03,0.151092
96.00,22000.00,1.49733246e-03,0.149733
98.00,21000.00,1.48606588e-03,0.148607
100.00,20000.00,1.47214547e-03,0.147215
102.00,19000.00,1.45905595e-03,0.145906
104.00,18000.00,1.44420000e-03,0.144420
106.00,17000.00,1.43197294e-03,0.143197
108.00,16000.00,1.41740591e-03,0.141741
110.00,15000.00,1.40488680e-03,0.140489
112.00,14000.00,1.39193905e-03,0.139194
114.00,13000.00,1.38003901e-03,0.138004
116.00,12000.00,1.36458991e-03,0.136459
118.00,11000.00,1.35084261e-03,0.135084
120.00,10000.00,1.33913021e-03,0.133913
122.00,9000.00,1.32587214e-03,0.132587
124.00,8000.00,1.31012886e-03,0.131013
126.00,7000.00,1.29860859e-03,0.129861
128.00,6000.00,1.28535895e-03,0.128536
130.00,5000.00,1.26992295e-03,0.126992
132.00,4000.00,1.25606969e-03,0.125607
134.00,3000.00,1.24182731e-03,0.124183
136.00,2000.00,1.22598691e-03,0.122599
138.00,1000.00,1.20830489e-03,0.120830
140.00,0.00,1.18942705e-03,0.118943
142.00,-1000.00,1.16858131e-03,0.116858
144.00,-2000.00,1.14349156e-03,0.114349
146.00,-3000.00,1.11146701e-03,0.111147
148.00,-4000.00,1.07114937e-03,0.107115
150.00,-5000.00,1.02039668e-03,0.102040
152.00,-6000.00,9.51226535e-04,0.095123
154.00,-7000.00,8.58690598e-04,0.085869
156.00,-8000.00,7.34554562e-04,0.073455
158.00,-9000.00,5.77845221e-04,0.057785
160.00,-10000.00,3.81635448e-04,0.038164
162.00,-11000.00,1.47100346e-04,0.014710
164.00,-12000.00,-1.05892584e-04,-0.010589
166.00,-13000.00,-3.63989516e-04,-0.036399
168.00,-14000.00,-6.09711490e-04,-0.060971
170.00,-15000.00,-8.20989225e-04,-0.082099
172.00,-16000.00,-9.97083638e-04,-0.099708
174.00,-17000.00,-1.13414541e-03,-0.113415
176.00,-18000.00,-1.23988165e-03,-0.123988
178.00,-19000.00,-1.31776888e-03,-0.131777
180.00,-20000.00,-1.37630731e-03,-0.137631
182.00,-21000.00,-1.42110171e-03,-0.142110
184.00,-22000.00,-1.45418440e-03,-0.145418
186.00,-23000.00,-1.48310796e-03,-0.148311
188.00,-24000.00,-1.50523270e-03,-0.150523
190.00,-25000.00,-1.52514959e-03,-0.152515
192.00,-26000.00,-1.54329998e-03,-0.154330
194.00,-27000.00,-1.55949555e-03,-0.155950
196.00,-28000.00,-1.57371097e-03,-0.157371
198.00,-29000.00,-1.58841435e-03,-0.158841
200.00,-30000.00,-1.60205983e-03,-0.160206
202.00,-31000.00,-1.61787305e-03,-0.161787
204.00,-32000.00,-1.63034624e-03,-0.163035
206.00,-33000.00,-1.64439692e-03,-0.164440
208.00,-34000.00,-1.65764179e-03,-0.165764
210.00,-35000.00,-1.67040349e-03,-0.167040
212.00,-36000.00,-1.68292102e-03,-0.168292
214.00,-37000.00,-1.69932992e-03,-0.169933
216.00,-38000.00,-1.71200294e-03,-0.171200
218.00,-39000.00,-1.72353289e-03,-0.172353
220.00,-40000.00,-1.73741476e-03,-0.173741
222.00,-41000.00,-1.74951986e-03,-0.174952
224.00,-42000.00,-1.76355129e-03,-0.176355
226.00,-43000.00,-1.77754513e-03,-0.177755
228.00,-44000.00,-1.79049378e-03,-0.179049
230.00,-45000.00,-1.80225475e-03,-0.180225
232.00,-46000.00,-1.81803926e-03,-0.181804
234.00,-47000.00,-1.83089747e-03,-0.183090
236.00,-48000.00,-1.84564922e-03,-0.184565
238.00,-49000.00,-1.85791851e-03,-0.185792
240.00,-50000.00,-1.87062017e-03,-0.187062
242.00,-51000.00,-1.88434289e-03,-0.188434
244.00,-52000.00,-1.89721037e-03,-0.189721
246.00,-53000.00,-1.91206979e-03,-0.191207
248.00,-54000.00,-1.92436018e-03,-0.192436
250.00,-55000.00,-1.93736629e-03,-0.193737
252.00,-56000.00,-1.95065668e-03,-0.195066
254.00,-57000.00,-1.96246497e-03,-0.196246
256.00,-58000.00,-1.97898333e-03,-0.197898
258.00,-59000.00,-1.98959283e-03,-0.198959
260.00,-60000.00,-2.00317431e-03,-0.200317
262.00,-61000.00,-2.01902231e-03,-0.201902
264.00,-62000.00,-2.03146074e-03,-0.203146
266.00,-63000.00,-2.04326412e-03,-0.204326
268.00,-64000.00,-2.05540030e-03,-0.205540
270.00,-65000.00,-2.07115878e-03,-0.207116
272.00,-66000.00,-2.08389647e-03,-0.208390
274.00,-67000.00,-2.09683903e-03,-0.209684
276.00,-68000.00,-2.11137136e-03,-0.211137
278.00,-69000.00,-2.12317998e-03,-0.212318
280.00,-70000.00,-2.13543943e-03,-0.213544
282.00,-70000.00,-2.13734222e-03,-0.213734
284.00,-69000.00,-2.12484365e-03,-0.212484
286.00,-68000.00,-2.10997634e-03,-0.210998
288.00,-67000.00,-2.09695842e-03,-0.209696
290.00,-66000.00,-2.08547427e-03,-0.208547
292.00,-65000.00,-2.06929410e-03,-0.206929
294.00,-64000.00,-2.05608379e-03,-0.205608
296.00,-63000.00,-2.04355200e-03,-0.204355
298.00,-62000.00,-2.03028352e-03,-0.203028
300.00,-61000.00,-2.01705915e-03,-0.201706
302.00,-60000.00,-2.00391592e-03,-0.200392
304.00,-59000.00,-1.99025750e-03,-0.199026
306.00,-58000.00,-1.97836602e-03,-0.197837
308.00,-57000.00,-1.96411531e-03,-0.196412
310.00,-56000.00,-1.95091438e-03,-0.195091
312.00,-55000.00,-1.93661522e-03,-0.193662
314.00,-54000.00,-1.92372315e-03,-0.192372
316.00,-53000.00,-1.91084312e-03,-0.191084
318.00,-52000.00,-1.89754210e-03,-0.189754
320.00,-51000.00,-1.88257605e-03,-0.188258
322.00,-50000.00,-1.87043449e-03,-0.187043
324.00,-49000.00,-1.85755024e-03,-0.185755
326.00,-48000.00,-1.84660676e-03,-0.184661
328.00,-47000.00,-1.83045486e-03,-0.183045
330.00,-46000.00,-1.81882358e-03,-0.181882
332.00,-45000.00,-1.80386360e-03,-0.180386
334.00,-44000.00,-1.79025086e-03,-0.179025
336.00,-43000.00,-1.78049025e-03,-0.178049
338.00,-42000.00,-1.76390295e-03,-0.176390
340.00,-41000.00,-1.74917771e-03,-0.174918
342.00,-40000.00,-1.73804056e-03,-0.173804
344.00,-39000.00,-1.72286956e-03,-0.172287
346.00,-38000.00,-1.71254985e-03,-0.171255
348.00,-37000.00,-1.69891405e-03,-0.169891
350.00,-36000.00,-1.68413922e-03,-0.168414
352.00,-35000.00,-1.67217694e-03,-0.167218
354.00,-34000.00,-1.65647245e-03,-0.165647
356.00,-33000.00,-1.64355794e-03,-0.164356
358.00,-32000.00,-1.63215208e-03,-0.163215
360.00,-31000.00,-1.61772632e-03,-0.161773
362.00,-30000.00,-1.60368693e-03,-0.160369
364.00,-29000.00,-1.59073494e-03,-0.159073
366.00,-28000.00,-1.57721525e-03,-0.157722
368.00,-27000.00,-1.56508404e-03,-0.156508
370.00,-26000.00,-1.55220132e-03,-0.155220
372.00,-25000.00,-1.53762158e-03,-0.153762
374.00,-24000.00,-1.52641814e-03,-0.152642
376.00,-23000.00,-1.51158947e-03,-0.151159
378.00,-22000.00,-1.49779135e-03,-0.149779
380.00,-21000.00,-1.48594967e-03,-0.148595
382.00,-20000.00,-1.47234489e-03,-0.147234
384.00,-19000.00,-1.45710587e-03,-0.145711
386.00,-18000.00,-1.44599029e-03,-0.144599
388.00,-17000.00,-1.43186946e-03,-0.143187
390.00,-16000.00,-1.41858786e-03,-0.141859
392.00,-15000.00,-1.40487924e-03,-0.140488
394.00,-14000.00,-1.39266622e-03,-0.139267
396.00,-13000.00,-1.37822738e-03,-0.137823
398.00,-12000.00,-1.36659756e-03,-0.136660
400.00,-11000.00,-1.35360669e-03,-0.135361
402.00,-10000.00,-1.33624267e-03,-0.133624
404.00,-9000.00,-1.32328954e-03,-0.132329
406.00,-8000.00,-1.31314337e-03,-0.131314
408.00,-7000.00,-1.29819317e-03,-0.129819
410.00,-6000.00,-1.28503224e-03,-0.128503
412.00,-5000.00,-1.27027893e-03,-0.127028
414.00,-4000.00,-1.25571940e-03,-0.125572
416.00,-3000.00,-1.24141700e-03,-0.124142
418.00,-2000.00,-1.22385272e-03,-0.122385
420.00,-1000.00,-1.20939826e-03,-0.120940
422.00,0.00,-1.19105977e-03,-0.119106
424.00,1000.00,-1.16814518e-03,-0.116815
426.00,2000.00,-1.14168728e-03,-0.114169
428.00,3000.00,-1.11454041e-03,-0.111454
430.00,4000.00,-1.07128010e-03,-0.107128
432.00,5000.00,-1.01974786e-03,-0.101975
434.00,6000.00,-9.49663496e-04,-0.094966
436.00,7000.00,-8.56664174e-04,-0.085666
438.00,8000.00,-7.35490635e-04,-0.073549
440.00,9000.00,-5.75402065e-04,-0.057540
442.00,10000.00,-3.79181665e-04,-0.037918
444.00,11000.00,-1.47945847e-04,-0.014795
446.00,12000.00,1.05584833e-04,0.010558
448.00,13000.00,3.63643601e-04,0.036364
450.00,14000.00,6.09217133e-04,0.060922
452.00,15000.00,8.19813084e-04,0.081981
454.00,16000.00,9.95658765e-04,0.099566
456.00,17000.00,1.13415561e-03,0.113416
458.00,18000.00,1.23711030e-03,0.123711
460.00,19000.00,1.31663723e-03,0.131664
462.00,20000.00,1.37526763e-03,0.137527
464.00,21000.00,1.42086466e-03,0.142086
466.00,22000.00,1.45474676e-03,0.145475
468.00,23000.00,1.48238001e-03,0.148238
470.00,24000.00,1.50458515e-03,0.150459
472.00,25000.00,1.52523648e-03,0.152524
474.00,26000.00,1.54307848e-03,0.154308
476.00,27000.00,1.55947892e-03,0.155948
478.00,28000.00,1.57363466e-03,0.157363
480.00,29000.00,1.58862922e-03,0.158863
482.00,30000.00,1.60355080e-03,0.160355
484.00,31000.00,1.61708162e-03,0.161708
486.00,32000.00,1.62913170e-03,0.162913
488.00,33000.00,1.64342290e-03,0.164342
490.00,34000.00,1.65784998e-03,0.165785
492.00,35000.00,1.67121104e-03,0.167121
494.00,36000.00,1.68598721e-03,0.168599
496.00,37000.00,1.69786577e-03,0.169787
498.00,38000.00,1.71004457e-03,0.171004
500.00,39000.00,1.72372562e-03,0.172373
502.00,40000.00,1.73792504e-03,0.173793
504.00,41000.00,1.75033167e-03,0.175033
506.00,42000.00,1.76416912e-03,0.176417
508.00,43000.00,1.77712428e-03,0.177712
510.00,44000.00,1.79108030e-03,0.179108
512.00,45000.00,1.80465396e-03,0.180465
514.00,46000.00,1.81761442e-03,0.181761
516.00,47000.00,1.83219572e-03,0.183220
518.00,48000.00,1.84240557e-03,0.184241
520.00,49000.00,1.85770754e-03,0.185771
522.00,50000.00,1.87086942e-03,0.187087
524.00,51000.00,1.88417122e-03,0.188417
526.00,52000.00,1.89640256e-03,0.189640
528.00,53000.00,1.91004235e-03,0.191004
530.00,54000.00,1.92560586e-03,0.192561
532.00,55000.00,1.93812039e-03,0.193812
534.00,56000.00,1.95112671e-03,0.195113
536.00,57000.00,1.96486724e-03,0.196487
538.00,58000.00,1.97588269e-03,0.197588
540.00,59000.00,1.99166271e-03,0.199166
542.00,60000.00,2.00247746e-03,0.200248
544.00,61000.00,2.01599377e-03,0.201599
546.00,62000.00,2.03010564e-03,0.203011
548.00,63000.00,2.04466067e-03,0.204466
550.00,64000.00,2.05599167e-03,0.205599
552.00,65000.00,2.07117899e-03,0.207118
554.00,66000.00,2.08528457e-03,0.208528
556.00,67000.00,2.09803282e-03,0.209803
558.00,68000.00,2.11057453e-03,0.211057
560.00,69000.00,2.12232209e-03,0.212232
562.00,70000.00,2.13626669e-03,0.213627
