# SYNTHETIC DATA – not measured – generated by make_demo_data.py
# Sample: Annealed 10um
# Date: 2025-06-20
# 2Theta (deg)    Intensity (counts)
20.000    2145.3
20.020    2066.9
20.040    2133.5
20.060    2045.2
20.080    2108.8
20.100    2128.8
20.120    2046.3
20.140    2103.9
20.160    2139.5
20.180    2201.4
20.200    2123.1
20.220    2168.8
20.240    2130.3
20.260    2185.8
20.280    2238.3
20.300    2215.7
20.320    2130.5
20.340    2147.8
20.360    2145.0
20.380    2183.4
20.400    2161.8
20.420    2276.3
20.440    2225.9
20.460    2299.0
20.480    2233.6
20.500    2245.4
20.520    2242.9
20.540    2263.6
20.560    2274.4
20.580    2277.0
20.600    2254.0
20.620    2242.9
20.640    2289.4
20.660    2319.7
20.680    2315.0
20.700    2269.1
20.720    2339.4
20.740    2300.4
20.760    2265.6
20.780    2325.0
20.800    2285.0
20.820    2374.4
20.840    2347.4
20.860    2320.0
20.880    2334.3
20.900    2355.0
20.920    2345.9
20.940    2340.6
20.960    2431.0
20.980    2361.8
21.000    2361.8
21.020    2323.9
21.040    2406.7
21.060    2406.5
21.080    2419.0
21.100    2375.1
21.120    2453.8
21.140    2380.9
21.160    2382.7
21.180    2416.0
21.200    2418.4
21.220    2450.5
21.240    2513.1
21.260    2444.6
21.280    2487.8
21.300    2468.1
21.320    2428.8
21.340    2399.8
21.360    2446.5
21.380    2417.5
21.400    2431.7
21.420    2467.2
21.440    2448.1
21.460    2492.1
21.480    2405.8
21.500    2431.8
21.520    2553.6
21.540    2502.6
21.560    2486.3
21.580    2500.8
21.600    2439.6
21.620    2445.9
21.640    2511.0
21.660    2420.9
21.680    2504.0
21.700    2420.0
21.720    2530.4
21.740    2506.9
21.760    2486.2
21.780    2505.5
21.800    2503.0
21.820    2466.0
21.840    2453.6
21.860    2488.1
21.880    2512.4
21.900    2467.2
21.920    2503.0
21.940    2557.7
21.960    2495.1
21.980    2494.3
22.000    2448.6
22.020    2545.2
22.040    2493.4
22.060    2486.8
22.080    2460.7
22.100    2532.0
22.120    2498.7
22.140    2509.1
22.160    2488.4
22.180    2460.0
22.200    2503.3
22.220    2506.4
22.240    2468.4
22.260    2466.1
22.280    2486.1
22.300    2474.9
22.320    2532.5
22.340    2552.2
22.360    2472.2
22.380    2459.0
22.400    2511.1
22.420    2490.9
22.440    2479.5
22.460    2472.0
22.480    2498.2
22.500    2478.0
22.520    2476.2
22.540    2484.7
22.560    2382.5
22.580    2464.8
22.600    2461.3
22.620    2447.9
22.640    2429.5
22.660    2393.7
22.680    2376.0
22.700    2428.5
22.720    2385.4
22.740    2476.0
22.760    2445.6
22.780    2418.8
22.800    2454.4
22.820    2428.0
22.840    2405.5
22.860    2455.7
22.880    2416.4
22.900    2407.0
22.920    2416.3
22.940    2409.7
22.960    2411.2
22.980    2374.4
23.000    2376.1
23.020    2397.7
23.040    2381.0
23.060    2384.7
23.080    2326.6
23.100    2351.7
23.120    2336.1
23.140    2353.7
23.160    2366.6
23.180    2328.0
23.200    2339.3
23.220    2333.8
23.240    2342.3
23.260    2322.8
23.280    2308.1
23.300    2295.0
23.320    2297.6
23.340    2339.4
23.360    2339.6
23.380    2297.1
23.400    2256.7
23.420    2273.4
23.440    2285.9
23.460    2201.6
23.480    2236.0
23.500    2295.9
23.520    2237.5
23.540    2193.1
23.560    2205.8
23.580    2153.7
23.600    2194.8
23.620    2185.1
23.640    2180.6
23.660    2173.8
23.680    2166.7
23.700    2193.7
23.720    2166.9
23.740    2139.3
23.760    2145.3
23.780    2079.4
23.800    2124.9
23.820    2186.7
23.840    2160.5
23.860    2132.2
23.880    2078.7
23.900    2098.5
23.920    2162.6
23.940    2084.7
23.960    2075.7
23.980    2105.5
24.000    2114.2
24.020    2080.1
24.040    2096.9
24.060    2020.5
24.080    2079.5
24.100    2021.2
24.120    2037.5
24.140    1957.9
24.160    2016.8
24.180    1986.4
24.200    1998.0
24.220    1949.9
24.240    1919.5
24.260    1948.9
24.280    1971.8
24.300    1934.1
24.320    1915.5
24.340    1910.2
24.360    1957.4
24.380    1901.5
24.400    1859.0
24.420    1934.2
24.440    1883.4
24.460    1889.1
24.480    1818.4
24.500    1852.6
24.520    1863.7
24.540    1870.1
24.560    1851.2
24.580    1865.3
24.600    1825.3
24.620    1794.8
24.640    1753.5
24.660    1833.9
24.680    1799.8
24.700    1853.2
24.720    1827.4
24.740    1739.2
24.760    1778.0
24.780    1769.0
24.800    1763.8
24.820    1692.3
24.840    1703.8
24.860    1694.4
24.880    1734.2
24.900    1691.2
24.920    1651.5
24.940    1641.8
24.960    1656.2
24.980    1610.6
25.000    1613.2
25.020    1631.7
25.040    1656.5
25.060    1625.8
25.080    1609.8
25.100    1566.4
25.120    1562.5
25.140    1525.9
25.160    1585.2
25.180    1567.5
25.200    1541.4
25.220    1623.7
25.240    1537.1
25.260    1574.1
25.280    1528.7
25.300    1532.9
25.320    1473.3
25.340    1505.9
25.360    1517.8
25.380    1416.4
25.400    1519.2
25.420    1437.5
25.440    1452.0
25.460    1436.8
25.480    1473.6
25.500    1452.3
25.520    1406.4
25.540    1401.2
25.560    1423.0
25.580    1384.7
25.600    1372.9
25.620    1371.4
25.640    1409.4
25.660    1325.7
25.680    1318.2
25.700    1364.6
25.720    1325.2
25.740    1292.8
25.760    1348.8
25.780    1300.5
25.800    1281.8
25.820    1265.6
25.840    1341.9
25.860    1283.8
25.880    1331.4
25.900    1294.7
25.920    1245.5
25.940    1305.8
25.960    1254.1
25.980    1272.2
26.000    1198.5
26.020    1189.8
26.040    1210.2
26.060    1191.4
26.080    1239.1
26.100    1219.7
26.120    1162.7
26.140    1194.2
26.160    1101.7
26.180    1163.5
26.200    1166.5
26.220    1116.3
26.240    1108.9
26.260    1141.2
26.280    1117.9
26.300    1172.7
26.320    1088.3
26.340    1124.5
26.360    1154.3
26.380    1139.0
26.400    1107.8
26.420    1067.7
26.440    1074.0
26.460    1094.9
26.480    1068.0
26.500    1068.5
26.520    1041.6
26.540    1037.5
26.560    1095.2
26.580    1069.8
26.600    963.2
26.620    1038.0
26.640    1046.3
26.660    983.2
26.680    973.0
26.700    987.4
26.720    981.2
26.740    979.3
26.760    955.6
26.780    1044.2
26.800    938.3
26.820    985.3
26.840    981.3
26.860    957.6
26.880    970.3
26.900    988.1
26.920    922.5
26.940    964.3
26.960    961.2
26.980    903.0
27.000    842.1
27.020    913.4
27.040    916.8
27.060    883.1
27.080    890.0
27.100    935.6
27.120    884.8
27.140    898.3
27.160    865.5
27.180    866.4
27.200    858.4
27.220    872.8
27.240    856.4
27.260    865.6
27.280    849.9
27.300    860.8
27.320    857.9
27.340    835.7
27.360    813.5
27.380    783.3
27.400    775.3
27.420    831.4
27.440    813.4
27.460    797.1
27.480    777.4
27.500    800.7
27.520    779.6
27.540    819.4
27.560    785.2
27.580    758.3
27.600    750.6
27.620    768.7
27.640    842.3
27.660    763.1
27.680    724.4
27.700    752.8
27.720    778.3
27.740    780.6
27.760    778.1
27.780    774.9
27.800    755.2
27.820    751.3
27.840    716.6
27.860    752.1
27.880    732.2
27.900    787.0
27.920    687.3
27.940    772.3
27.960    699.6
27.980    734.3
28.000    696.3
28.020    754.0
28.040    732.0
28.060    705.0
28.080    746.5
28.100    698.7
28.120    678.4
28.140    659.9
28.160    695.3
28.180    691.2
28.200    654.0
28.220    671.6
28.240    692.8
28.260    651.0
28.280    727.6
28.300    638.4
28.320    652.9
28.340    668.1
28.360    734.7
28.380    668.3
28.400    635.6
28.420    597.6
28.440    624.8
28.460    619.1
28.480    672.1
28.500    622.9
28.520    610.9
28.540    635.2
28.560    649.0
28.580    577.0
28.600    610.0
28.620    625.1
28.640    658.0
28.660    676.2
28.680    650.5
28.700    626.8
28.720    594.8
28.740    651.1
28.760    564.1
28.780    608.5
28.800    628.3
28.820    597.8
28.840    569.9
28.860    599.7
28.880    577.6
28.900    561.6
28.920    584.6
28.940    571.8
28.960    678.7
28.980    569.6
29.000    627.4
29.020    543.2
29.040    630.2
29.060    599.3
29.080    567.2
29.100    545.8
29.120    560.8
29.140    510.5
29.160    588.6
29.180    530.5
29.200    624.6
29.220    613.6
29.240    600.4
29.260    586.8
29.280    580.4
29.300    509.4
29.320    559.9
29.340    576.0
29.360    571.8
29.380    601.4
29.400    593.5
29.420    567.5
29.440    575.4
29.460    600.1
29.480    556.8
29.500    551.9
29.520    532.8
29.540    514.5
29.560    527.6
29.580    552.7
29.600    509.7
29.620    532.9
29.640    517.5
29.660    543.1
29.680    570.5
29.700    571.5
29.720    572.6
29.740    521.5
29.760    528.9
29.780    544.8
29.800    512.1
29.820    594.6
29.840    502.4
29.860    551.8
29.880    494.4
29.900    507.6
29.920    527.0
29.940    538.9
29.960    518.2
29.980    590.1
30.000    555.7
30.020    583.5
30.040    474.0
30.060    552.2
30.080    590.2
30.100    570.5
30.120    503.5
30.140    500.3
30.160    498.1
30.180    549.5
30.200    493.1
30.220    507.8
30.240    548.5
30.260    502.7
30.280    510.6
30.300    492.9
30.320    564.9
30.340    503.1
30.360    536.1
30.380    516.2
30.400    536.5
30.420    539.8
30.440    518.1
30.460    525.7
30.480    484.5
30.500    524.1
30.520    519.4
30.540    529.9
30.560    455.6
30.580    524.3
30.600    505.6
30.620    481.9
30.640    494.0
30.660    527.8
30.680    537.8
30.700    559.4
30.720    490.2
30.740    486.6
30.760    499.6
30.780    547.3
30.800    528.7
30.820    488.3
30.840    528.5
30.860    516.9
30.880    522.4
30.900    518.3
30.920    491.1
30.940    499.4
30.960    564.2
30.980    505.9
31.000    529.7
31.020    480.9
31.040    475.9
31.060    467.8
31.080    528.2
31.100    521.8
31.120    528.0
31.140    537.2
31.160    501.5
31.180    486.0
31.200    483.5
31.220    505.1
31.240    520.1
31.260    523.8
31.280    531.3
31.300    484.8
31.320    504.3
31.340    439.5
31.360    497.1
31.380    543.3
31.400    493.4
31.420    537.9
31.440    567.5
31.460    567.9
31.480    513.1
31.500    504.3
31.520    523.8
31.540    520.3
31.560    509.8
31.580    506.6
31.600    521.9
31.620    528.2
31.640    517.3
31.660    510.0
31.680    526.0
31.700    530.7
31.720    520.9
31.740    495.3
31.760    475.0
31.780    503.1
31.800    424.0
31.820    483.3
31.840    483.9
31.860    521.1
31.880    468.3
31.900    462.2
31.920    518.5
31.940    515.2
31.960    467.5
31.980    505.8
32.000    495.7
32.020    474.1
32.040    468.6
32.060    483.1
32.080    502.7
32.100    508.1
32.120    536.0
32.140    505.8
32.160    475.6
32.180    452.7
32.200    473.5
32.220    493.4
32.240    488.1
32.260    449.0
32.280    554.2
32.300    540.5
32.320    508.4
32.340    483.6
32.360    474.7
32.380    530.1
32.400    494.5
32.420    527.4
32.440    514.0
32.460    475.4
32.480    508.3
32.500    511.3
32.520    499.6
32.540    508.4
32.560    475.5
32.580    503.6
32.600    502.8
32.620    514.7
32.640    481.6
32.660    545.0
32.680    531.9
32.700    488.9
32.720    523.2
32.740    509.5
32.760    513.5
32.780    550.7
32.800    507.7
32.820    469.6
32.840    551.5
32.860    495.8
32.880    515.1
32.900    471.1
32.920    538.1
32.940    484.5
32.960    469.2
32.980    455.7
33.000    493.8
33.020    555.2
33.040    479.0
33.060    516.2
33.080    505.7
33.100    555.3
33.120    538.9
33.140    487.1
33.160    480.9
33.180    480.5
33.200    485.7
33.220    526.0
33.240    516.1
33.260    467.6
33.280    488.6
33.300    501.1
33.320    451.0
33.340    513.8
33.360    541.2
33.380    476.9
33.400    533.9
33.420    504.2
33.440    497.6
33.460    508.6
33.480    502.2
33.500    553.7
33.520    491.3
33.540    524.3
33.560    508.3
33.580    497.8
33.600    457.6
33.620    519.0
33.640    506.0
33.660    538.2
33.680    513.9
33.700    517.6
33.720    511.7
33.740    426.7
33.760    537.3
33.780    533.0
33.800    515.0
33.820    521.9
33.840    560.7
33.860    478.8
33.880    529.2
33.900    499.7
33.920    511.0
33.940    502.4
33.960    431.6
33.980    500.0
34.000    520.8
34.020    505.3
34.040    518.5
34.060    477.0
34.080    486.0
34.100    480.5
34.120    469.4
34.140    549.5
34.160    508.7
34.180    495.5
34.200    530.9
34.220    464.7
34.240    440.9
34.260    516.8
34.280    461.0
34.300    503.8
34.320    489.9
34.340    469.9
34.360    484.6
34.380    497.9
34.400    504.6
34.420    494.8
34.440    487.4
34.460    461.7
34.480    463.9
34.500    474.2
34.520    478.8
34.540    518.1
34.560    500.6
34.580    473.7
34.600    547.1
34.620    449.4
34.640    572.1
34.660    494.5
34.680    483.3
34.700    484.7
34.720    443.1
34.740    530.8
34.760    490.6
34.780    510.6
34.800    541.8
34.820    513.4
34.840    524.4
34.860    506.1
34.880    450.3
34.900    551.4
34.920    482.0
34.940    417.8
34.960    485.1
34.980    450.3
35.000    522.3
35.020    464.0
35.040    538.4
35.060    475.7
35.080    516.2
35.100    499.2
35.120    493.6
35.140    483.6
35.160    517.2
35.180    491.3
35.200    484.8
35.220    555.5
35.240    544.4
35.260    554.9
35.280    508.1
35.300    494.5
35.320    464.4
35.340    473.0
35.360    482.7
35.380    468.8
35.400    509.1
35.420    503.1
35.440    500.8
35.460    505.1
35.480    459.8
35.500    497.2
35.520    496.7
35.540    497.6
35.560    462.5
35.580    477.8
35.600    494.8
35.620    502.7
35.640    463.3
35.660    536.8
35.680    537.7
35.700    517.5
35.720    542.1
35.740    481.6
35.760    499.4
35.780    517.3
35.800    502.0
35.820    510.1
35.840    475.9
35.860    521.4
35.880    520.2
35.900    491.0
35.920    430.3
35.940    509.3
35.960    497.7
35.980    536.7
36.000    520.9
36.020    497.1
36.040    522.9
36.060    469.8
36.080    509.4
36.100    513.0
36.120    465.9
36.140    519.1
36.160    507.8
36.180    539.1
36.200    533.6
36.220    478.7
36.240    469.0
36.260    430.5
36.280    525.1
36.300    533.4
36.320    513.2
36.340    486.1
36.360    493.4
36.380    469.6
36.400    452.7
36.420    486.7
36.440    514.4
36.460    515.4
36.480    485.4
36.500    494.8
36.520    476.1
36.540    510.2
36.560    517.1
36.580    530.7
36.600    508.7
36.620    481.9
36.640    490.4
36.660    544.3
36.680    505.0
36.700    504.6
36.720    516.2
36.740    502.4
36.760    454.7
36.780    528.7
36.800    455.1
36.820    441.7
36.840    488.5
36.860    550.6
36.880    423.0
36.900    515.7
36.920    545.0
36.940    520.8
36.960    516.5
36.980    533.1
37.000    502.1
37.020    539.4
37.040    459.5
37.060    464.9
37.080    481.7
37.100    485.7
37.120    501.7
37.140    480.1
37.160    467.6
37.180    443.4
37.200    490.5
37.220    444.1
37.240    531.0
37.260    516.1
37.280    546.3
37.300    480.0
37.320    475.5
37.340    525.3
37.360    491.9
37.380    495.0
37.400    564.5
37.420    498.7
37.440    502.7
37.460    508.1
37.480    505.7
37.500    403.1
37.520    482.9
37.540    541.6
37.560    478.9
37.580    478.4
37.600    469.5
37.620    495.7
37.640    500.4
37.660    532.7
37.680    567.4
37.700    484.9
37.720    509.6
37.740    554.4
37.760    495.3
37.780    552.2
37.800    483.6
37.820    460.6
37.840    492.8
37.860    457.4
37.880    510.4
37.900    482.7
37.920    510.3
37.940    516.8
37.960    545.4
37.980    505.0
38.000    488.5
38.020    498.4
38.040    491.9
38.060    449.9
38.080    468.4
38.100    461.6
38.120    452.7
38.140    462.5
38.160    448.6
38.180    512.3
38.200    508.4
38.220    577.0
38.240    512.8
38.260    492.5
38.280    493.3
38.300    490.0
38.320    450.2
38.340    545.9
38.360    538.9
38.380    485.7
38.400    514.4
38.420    483.1
38.440    491.1
38.460    484.2
38.480    530.1
38.500    540.4
38.520    462.2
38.540    515.6
38.560    560.1
38.580    497.1
38.600    452.6
38.620    483.5
38.640    508.9
38.660    501.4
38.680    516.5
38.700    556.8
38.720    491.3
38.740    527.0
38.760    480.8
38.780    469.1
38.800    473.3
38.820    507.7
38.840    517.2
38.860    455.5
38.880    497.4
38.900    463.3
38.920    539.0
38.940    512.6
38.960    509.5
38.980    477.2
39.000    540.7
39.020    544.6
39.040    472.6
39.060    470.5
39.080    533.4
39.100    505.2
39.120    451.9
39.140    468.0
39.160    514.6
39.180    462.7
39.200    506.6
39.220    534.6
39.240    480.8
39.260    490.2
39.280    469.6
39.300    509.1
39.320    527.4
39.340    484.1
39.360    564.5
39.380    476.3
39.400    500.7
39.420    494.8
39.440    525.9
39.460    520.7
39.480    516.2
39.500    507.9
39.520    516.9
39.540    439.9
39.560    471.0
39.580    510.4
39.600    520.6
39.620    522.4
39.640    497.5
39.660    507.2
39.680    509.4
39.700    519.6
39.720    523.3
39.740    500.3
39.760    459.2
39.780    501.1
39.800    505.2
39.820    527.9
39.840    518.2
39.860    494.1
39.880    484.2
39.900    536.4
39.920    457.8
39.940    467.9
39.960    537.2
39.980    462.0
40.000    548.0
40.020    488.3
40.040    512.2
40.060    519.6
40.080    481.5
40.100    491.8
40.120    506.7
40.140    491.2
40.160    484.2
40.180    487.8
40.200    496.4
40.220    472.8
40.240    510.9
40.260    526.8
40.280    454.7
40.300    508.5
40.320    503.3
40.340    522.3
40.360    525.7
40.380    516.0
40.400    459.0
40.420    511.2
40.440    499.6
40.460    488.5
40.480    498.9
40.500    520.2
40.520    510.1
40.540    528.5
40.560    501.8
40.580    514.6
40.600    561.2
40.620    510.5
40.640    482.0
40.660    505.1
40.680    483.1
40.700    488.7
40.720    489.3
40.740    496.1
40.760    512.9
40.780    470.1
40.800    509.2
40.820    544.2
40.840    514.9
40.860    515.0
40.880    481.9
40.900    452.6
40.920    501.2
40.940    508.2
40.960    468.3
40.980    484.0
41.000    565.8
41.020    499.2
41.040    445.5
41.060    524.8
41.080    515.7
41.100    487.5
41.120    503.8
41.140    516.9
41.160    499.9
41.180    561.4
41.200    575.9
41.220    579.3
41.240    505.7
41.260    486.8
41.280    529.4
41.300    461.2
41.320    529.2
41.340    507.1
41.360    519.1
41.380    519.4
41.400    516.0
41.420    460.4
41.440    458.8
41.460    514.6
41.480    496.8
41.500    461.6
41.520    481.0
41.540    513.7
41.560    531.2
41.580    492.8
41.600    463.1
41.620    505.5
41.640    527.2
41.660    480.8
41.680    513.4
41.700    501.3
41.720    530.9
41.740    488.2
41.760    423.3
41.780    510.0
41.800    536.6
41.820    499.5
41.840    562.2
41.860    507.4
41.880    496.1
41.900    500.2
41.920    501.2
41.940    523.5
41.960    497.3
41.980    439.3
42.000    525.3
42.020    484.3
42.040    467.2
42.060    513.9
42.080    489.6
42.100    487.9
42.120    452.0
42.140    518.9
42.160    502.7
42.180    545.9
42.200    513.9
42.220    544.6
42.240    485.0
42.260    512.3
42.280    420.9
42.300    518.9
42.320    464.6
42.340    506.2
42.360    538.1
42.380    693.2
42.400    1119.7
42.420    2680.1
42.440    6452.7
42.460    13375.7
42.480    22941.8
42.500    31782.4
42.520    35458.5
42.540    31831.4
42.560    22947.7
42.580    13369.5
42.600    6362.6
42.620    2648.1
42.640    1137.9
42.660    666.5
42.680    509.6
42.700    509.1
42.720    505.0
42.740    494.7
42.760    488.8
42.780    502.9
42.800    490.3
42.820    484.6
42.840    465.3
42.860    519.2
42.880    486.6
42.900    548.1
42.920    500.3
42.940    494.6
42.960    487.2
42.980    475.3
43.000    480.3
43.020    479.7
43.040    496.5
43.060    518.2
43.080    454.1
43.100    531.0
43.120    518.0
43.140    529.9
43.160    467.9
43.180    506.4
43.200    541.3
43.220    504.8
43.240    477.1
43.260    486.4
43.280    497.3
43.300    451.5
43.320    510.2
43.340    509.4
43.360    522.2
43.380    529.6
43.400    443.0
43.420    480.9
43.440    504.6
43.460    466.8
43.480    485.0
43.500    547.2
43.520    515.2
43.540    518.3
43.560    474.0
43.580    540.9
43.600    500.1
43.620    513.7
43.640    468.1
43.660    417.6
43.680    490.4
43.700    501.2
43.720    498.4
43.740    559.4
43.760    465.5
43.780    483.6
43.800    525.9
43.820    509.1
43.840    511.9
43.860    483.8
43.880    493.2
43.900    533.3
43.920    505.6
43.940    540.2
43.960    452.7
43.980    476.5
44.000    540.6
44.020    509.2
44.040    467.8
44.060    487.7
44.080    452.7
44.100    484.1
44.120    528.9
44.140    520.6
44.160    463.8
44.180    525.9
44.200    505.0
44.220    510.0
44.240    439.2
44.260    476.1
44.280    471.2
44.300    524.1
44.320    508.3
44.340    461.8
44.360    486.5
44.380    494.2
44.400    496.5
44.420    513.4
44.440    510.2
44.460    544.9
44.480    470.6
44.500    513.6
44.520    519.4
44.540    558.0
44.560    456.3
44.580    486.7
44.600    478.1
44.620    514.9
44.640    514.0
44.660    499.8
44.680    480.5
44.700    568.2
44.720    460.5
44.740    527.5
44.760    464.3
44.780    453.2
44.800    525.8
44.820    555.0
44.840    499.3
44.860    532.4
44.880    512.3
44.900    486.1
44.920    461.6
44.940    517.1
44.960    496.4
44.980    493.1
45.000    506.3
45.020    536.8
45.040    600.2
45.060    712.3
45.080    925.6
45.100    1279.0
45.120    1627.0
45.140    2077.0
45.160    2353.6
45.180    2525.7
45.200    2371.7
45.220    2062.5
45.240    1618.9
45.260    1284.6
45.280    938.3
45.300    757.9
45.320    596.3
45.340    484.5
45.360    503.4
45.380    492.8
45.400    506.2
45.420    536.3
45.440    500.9
45.460    524.1
45.480    515.9
45.500    517.9
45.520    487.7
45.540    524.7
45.560    469.0
45.580    529.2
45.600    485.8
45.620    534.1
45.640    526.3
45.660    454.6
45.680    519.0
45.700    500.8
45.720    487.1
45.740    502.9
45.760    521.6
45.780    491.8
45.800    497.5
45.820    510.9
45.840    488.0
45.860    540.4
45.880    430.6
45.900    500.0
45.920    532.5
45.940    476.3
45.960    505.9
45.980    470.8
46.000    506.1
46.020    524.8
46.040    467.9
46.060    489.1
46.080    464.3
46.100    476.0
46.120    511.7
46.140    523.4
46.160    470.4
46.180    465.5
46.200    429.4
46.220    522.3
46.240    494.5
46.260    522.6
46.280    498.2
46.300    537.4
46.320    530.2
46.340    481.8
46.360    518.0
46.380    492.8
46.400    483.3
46.420    474.7
46.440    472.6
46.460    544.6
46.480    544.5
46.500    512.2
46.520    460.7
46.540    522.9
46.560    510.4
46.580    502.2
46.600    506.8
46.620    487.6
46.640    480.4
46.660    511.2
46.680    514.9
46.700    553.4
46.720    534.2
46.740    545.8
46.760    481.0
46.780    523.8
46.800    514.4
46.820    544.3
46.840    482.4
46.860    491.9
46.880    521.9
46.900    523.9
46.920    495.2
46.940    473.0
46.960    481.9
46.980    471.3
47.000    495.4
47.020    486.7
47.040    502.8
47.060    539.1
47.080    499.5
47.100    574.8
47.120    789.4
47.140    2541.2
47.160    11337.2
47.180    46221.2
47.200    156022.8
47.220    422994.8
47.240    920224.0
47.260    1603421.2
47.280    2237586.1
47.300    2500506.4
47.320    2237609.1
47.340    1603426.1
47.360    920253.4
47.380    423035.0
47.400    155922.8
47.420    46300.3
47.440    11343.3
47.460    2524.5
47.480    800.2
47.500    580.2
47.520    545.4
47.540    509.0
47.560    526.0
47.580    509.4
47.600    492.9
47.620    474.6
47.640    529.1
47.660    521.2
47.680    502.7
47.700    486.0
47.720    514.1
47.740    555.1
47.760    498.3
47.780    515.0
47.800    519.1
47.820    516.4
47.840    501.4
47.860    496.5
47.880    512.4
47.900    547.2
47.920    481.7
47.940    471.0
47.960    519.4
47.980    464.7
48.000    508.8
48.020    548.5
48.040    486.6
48.060    536.4
48.080    492.7
48.100    486.6
48.120    493.8
48.140    497.6
48.160    491.0
48.180    515.5
48.200    522.0
48.220    441.1
48.240    530.2
48.260    508.4
48.280    519.9
48.300    474.3
48.320    552.2
48.340    482.6
48.360    491.3
48.380    501.5
48.400    537.3
48.420    475.7
48.440    485.7
48.460    521.8
48.480    524.9
48.500    493.8
48.520    466.8
48.540    484.9
48.560    532.0
48.580    461.3
48.600    479.4
48.620    511.7
48.640    528.3
48.660    491.1
48.680    468.1
48.700    509.4
48.720    473.4
48.740    480.7
48.760    498.6
48.780    499.7
48.800    516.9
48.820    497.6
48.840    468.6
48.860    498.8
48.880    513.2
48.900    455.7
48.920    509.4
48.940    438.8
48.960    523.2
48.980    480.9
49.000    500.7
49.020    462.6
49.040    490.8
49.060    456.9
49.080    501.7
49.100    542.3
49.120    549.5
49.140    510.0
49.160    502.3
49.180    485.1
49.200    464.6
49.220    458.1
49.240    490.6
49.260    509.3
49.280    510.9
49.300    508.5
49.320    459.1
49.340    515.0
49.360    477.9
49.380    490.0
49.400    586.9
49.420    485.6
49.440    531.7
49.460    516.9
49.480    434.9
49.500    466.2
49.520    451.1
49.540    505.4
49.560    500.2
49.580    479.0
49.600    480.3
49.620    438.0
49.640    465.8
49.660    495.8
49.680    482.7
49.700    459.0
49.720    493.4
49.740    484.7
49.760    539.7
49.780    523.7
49.800    514.0
49.820    495.2
49.840    494.9
49.860    531.6
49.880    553.1
49.900    468.2
49.920    528.1
49.940    517.4
49.960    537.5
49.980    520.6
50.000    530.3
50.020    476.3
50.040    488.9
50.060    532.7
50.080    519.0
50.100    463.1
50.120    502.3
50.140    462.3
50.160    527.5
50.180    479.8
50.200    490.6
50.220    516.2
50.240    524.5
50.260    491.5
50.280    426.3
50.300    472.0
50.320    472.2
50.340    537.3
50.360    525.8
50.380    528.2
50.400    451.8
50.420    498.8
50.440    498.5
50.460    479.5
50.480    534.0
50.500    497.5
50.520    552.4
50.540    519.7
50.560    527.4
50.580    533.2
50.600    478.0
50.620    494.7
50.640    472.8
50.660    528.7
50.680    502.3
50.700    451.4
50.720    500.0
50.740    498.4
50.760    503.3
50.780    430.4
50.800    527.7
50.820    535.8
50.840    518.2
50.860    520.9
50.880    528.3
50.900    458.6
50.920    476.4
50.940    463.5
50.960    526.9
50.980    493.4
51.000    475.0
51.020    530.2
51.040    544.8
51.060    474.5
51.080    494.9
51.100    463.9
51.120    517.0
51.140    520.8
51.160    488.9
51.180    477.4
51.200    532.5
51.220    493.3
51.240    510.3
51.260    520.2
51.280    461.8
51.300    522.9
51.320    500.6
51.340    511.0
51.360    473.9
51.380    479.9
51.400    545.2
51.420    483.5
51.440    516.0
51.460    467.6
51.480    457.3
51.500    541.3
51.520    490.8
51.540    483.3
51.560    517.9
51.580    482.0
51.600    507.6
51.620    497.4
51.640    522.2
51.660    473.4
51.680    483.7
51.700    523.6
51.720    475.1
51.740    470.1
51.760    519.0
51.780    499.9
51.800    438.7
51.820    477.8
51.840    515.1
51.860    505.5
51.880    506.1
51.900    489.9
51.920    467.6
51.940    515.7
51.960    500.3
51.980    494.8
52.000    524.8
52.020    506.2
52.040    530.6
52.060    497.5
52.080    503.9
52.100    458.6
52.120    487.8
52.140    543.7
52.160    498.8
52.180    530.8
52.200    540.1
52.220    470.6
52.240    465.1
52.260    548.4
52.280    492.7
52.300    441.6
52.320    501.0
52.340    485.5
52.360    513.9
52.380    501.1
52.400    428.3
52.420    513.1
52.440    512.1
52.460    501.3
52.480    533.5
52.500    450.1
52.520    489.5
52.540    518.9
52.560    488.2
52.580    481.5
52.600    506.8
52.620    528.9
52.640    495.0
52.660    497.7
52.680    500.7
52.700    449.8
52.720    558.9
52.740    453.7
52.760    460.4
52.780    503.2
52.800    488.3
52.820    449.7
52.840    486.7
52.860    501.9
52.880    549.3
52.900    435.4
52.920    528.1
52.940    527.9
52.960    488.2
52.980    484.1
53.000    494.8
53.020    501.3
53.040    489.7
53.060    530.5
53.080    442.2
53.100    463.6
53.120    467.1
53.140    512.2
53.160    452.3
53.180    506.6
53.200    440.7
53.220    583.3
53.240    515.2
53.260    520.1
53.280    488.8
53.300    504.4
53.320    536.5
53.340    498.4
53.360    489.5
53.380    533.7
53.400    475.5
53.420    464.0
53.440    513.1
53.460    491.0
53.480    520.9
53.500    529.5
53.520    492.4
53.540    478.2
53.560    467.2
53.580    495.5
53.600    575.0
53.620    467.4
53.640    529.5
53.660    515.6
53.680    525.4
53.700    488.6
53.720    511.2
53.740    491.6
53.760    521.8
53.780    510.4
53.800    449.0
53.820    506.3
53.840    494.2
53.860    535.2
53.880    465.0
53.900    477.1
53.920    509.1
53.940    543.4
53.960    527.8
53.980    501.9
54.000    476.4
54.020    523.6
54.040    526.0
54.060    497.7
54.080    510.8
54.100    493.3
54.120    475.3
54.140    507.8
54.160    516.1
54.180    469.2
54.200    572.4
54.220    512.4
54.240    554.0
54.260    506.8
54.280    453.6
54.300    528.8
54.320    501.2
54.340    555.7
54.360    477.5
54.380    478.2
54.400    492.8
54.420    486.5
54.440    527.2
54.460    571.0
54.480    410.4
54.500    492.0
54.520    498.6
54.540    515.4
54.560    537.8
54.580    522.7
54.600    530.8
54.620    474.1
54.640    439.4
54.660    482.6
54.680    475.1
54.700    527.3
54.720    510.7
54.740    514.9
54.760    479.8
54.780    478.4
54.800    468.8
54.820    541.9
54.840    502.5
54.860    520.0
54.880    467.0
54.900    511.9
54.920    566.9
54.940    465.6
54.960    468.9
54.980    430.4
55.000    505.3
55.020    513.2
55.040    447.6
55.060    516.1
55.080    549.9
55.100    480.0
55.120    480.0
55.140    494.4
55.160    570.1
55.180    466.6
55.200    566.6
55.220    545.3
55.240    482.6
55.260    500.2
55.280    495.0
55.300    506.5
55.320    556.1
55.340    503.1
55.360    481.7
55.380    501.8
55.400    565.9
55.420    498.5
55.440    475.3
55.460    488.2
55.480    474.2
55.500    540.5
55.520    492.5
55.540    512.3
55.560    445.9
55.580    476.9
55.600    524.3
55.620    535.2
55.640    448.8
55.660    463.1
55.680    497.2
55.700    441.9
55.720    460.4
55.740    474.6
55.760    505.8
55.780    485.4
55.800    505.0
55.820    498.5
55.840    475.0
55.860    558.2
55.880    486.0
55.900    527.3
55.920    540.5
55.940    456.4
55.960    509.4
55.980    497.9
56.000    445.9
56.020    421.2
56.040    512.6
56.060    512.5
56.080    510.0
56.100    460.9
56.120    462.9
56.140    433.7
56.160    442.5
56.180    507.9
56.200    500.3
56.220    560.6
56.240    504.8
56.260    482.9
56.280    469.6
56.300    475.3
56.320    462.5
56.340    501.3
56.360    570.0
56.380    490.7
56.400    495.4
56.420    510.9
56.440    478.4
56.460    468.2
56.480    488.7
56.500    564.6
56.520    479.3
56.540    456.6
56.560    519.2
56.580    464.6
56.600    458.2
56.620    532.3
56.640    508.1
56.660    522.0
56.680    523.8
56.700    491.5
56.720    465.9
56.740    507.3
56.760    480.6
56.780    507.0
56.800    485.9
56.820    524.0
56.840    486.9
56.860    494.4
56.880    475.2
56.900    463.8
56.920    514.6
56.940    476.0
56.960    590.1
56.980    448.9
57.000    447.7
57.020    488.5
57.040    483.6
57.060    547.0
57.080    551.9
57.100    484.7
57.120    534.8
57.140    513.4
57.160    488.1
57.180    584.4
57.200    482.2
57.220    475.6
57.240    488.9
57.260    517.2
57.280    505.2
57.300    529.2
57.320    458.5
57.340    543.3
57.360    496.3
57.380    481.8
57.400    476.1
57.420    487.3
57.440    496.0
57.460    477.7
57.480    521.3
57.500    492.8
57.520    496.3
57.540    548.6
57.560    473.2
57.580    517.5
57.600    553.8
57.620    540.0
57.640    466.4
57.660    506.3
57.680    504.5
57.700    535.8
57.720    449.2
57.740    461.9
57.760    513.7
57.780    469.6
57.800    496.2
57.820    508.9
57.840    408.8
57.860    528.6
57.880    475.2
57.900    510.9
57.920    510.2
57.940    570.5
57.960    493.5
57.980    481.7
58.000    511.4
58.020    508.2
58.040    517.5
58.060    532.0
58.080    493.0
58.100    534.1
58.120    514.0
58.140    468.5
58.160    484.4
58.180    466.7
58.200    501.0
58.220    476.8
58.240    546.8
58.260    540.9
58.280    458.1
58.300    519.9
58.320    550.8
58.340    529.3
58.360    484.6
58.380    508.7
58.400    499.5
58.420    569.1
58.440    486.8
58.460    491.4
58.480    482.5
58.500    525.4
58.520    449.1
58.540    481.0
58.560    505.0
58.580    487.3
58.600    506.4
58.620    501.1
58.640    512.8
58.660    455.1
58.680    521.4
58.700    453.2
58.720    466.9
58.740    497.6
58.760    449.9
58.780    518.1
58.800    532.1
58.820    522.9
58.840    448.9
58.860    443.3
58.880    543.1
58.900    431.1
58.920    498.1
58.940    491.1
58.960    503.5
58.980    472.6
59.000    515.3
59.020    473.6
59.040    504.3
59.060    484.4
59.080    542.0
59.100    488.6
59.120    470.4
59.140    531.8
59.160    475.5
59.180    518.8
59.200    456.3
59.220    489.4
59.240    484.2
59.260    436.1
59.280    568.0
59.300    518.6
59.320    490.1
59.340    491.6
59.360    477.4
59.380    514.6
59.400    489.2
59.420    503.7
59.440    505.8
59.460    500.8
59.480    495.8
59.500    495.3
59.520    572.9
59.540    543.9
59.560    478.0
59.580    494.0
59.600    521.0
59.620    557.6
59.640    487.4
59.660    493.7
59.680    540.6
59.700    485.8
59.720    520.0
59.740    522.2
59.760    495.1
59.780    513.5
59.800    457.3
59.820    466.1
59.840    491.9
59.860    466.4
59.880    498.7
59.900    537.0
59.920    488.1
59.940    538.6
59.960    517.2
59.980    544.4
60.000    460.0
60.020    479.2
60.040    507.0
60.060    483.5
60.080    515.1
60.100    505.6
60.120    504.9
60.140    487.1
60.160    513.4
60.180    520.4
60.200    519.2
60.220    501.2
60.240    553.3
60.260    477.9
60.280    480.0
60.300    524.0
60.320    491.0
60.340    527.2
60.360    468.5
60.380    544.2
60.400    473.2
60.420    551.1
60.440    519.3
60.460    493.2
60.480    523.9
60.500    542.9
60.520    499.2
60.540    505.6
60.560    538.3
60.580    498.4
60.600    476.9
60.620    525.5
60.640    487.1
60.660    507.0
60.680    494.3
60.700    476.5
60.720    520.2
60.740    515.7
60.760    494.1
60.780    539.0
60.800    549.7
60.820    481.6
60.840    488.6
60.860    501.2
60.880    502.4
60.900    480.2
60.920    517.2
60.940    485.8
60.960    482.6
60.980    471.6
61.000    479.3
61.020    524.1
61.040    511.7
61.060    486.8
61.080    493.8
61.100    541.3
61.120    489.2
61.140    498.7
61.160    449.1
61.180    489.8
61.200    532.9
61.220    510.8
61.240    447.5
61.260    478.7
61.280    537.8
61.300    565.7
61.320    479.2
61.340    457.1
61.360    468.3
61.380    500.0
61.400    524.4
61.420    514.7
61.440    520.5
61.460    517.5
61.480    500.5
61.500    481.7
61.520    527.5
61.540    529.2
61.560    501.0
61.580    465.5
61.600    500.0
61.620    508.1
61.640    494.2
61.660    410.7
61.680    519.6
61.700    553.4
61.720    484.0
61.740    515.7
61.760    479.8
61.780    504.1
61.800    510.5
61.820    492.7
61.840    500.8
61.860    456.2
61.880    504.9
61.900    450.4
61.920    559.4
61.940    461.8
61.960    504.9
61.980    526.8
62.000    482.1
62.020    505.3
62.040    529.0
62.060    495.2
62.080    471.3
62.100    520.7
62.120    463.5
62.140    491.8
62.160    525.7
62.180    484.4
62.200    491.8
62.220    516.7
62.240    514.4
62.260    476.5
62.280    455.2
62.300    511.8
62.320    497.4
62.340    504.2
62.360    487.8
62.380    521.6
62.400    507.8
62.420    495.8
62.440    455.6
62.460    511.6
62.480    480.1
62.500    476.7
62.520    482.0
62.540    486.0
62.560    480.1
62.580    487.4
62.600    492.7
62.620    465.2
62.640    494.2
62.660    527.9
62.680    515.5
62.700    511.4
62.720    502.3
62.740    473.8
62.760    486.5
62.780    508.0
62.800    501.9
62.820    478.4
62.840    491.5
62.860    463.0
62.880    492.1
62.900    489.9
62.920    513.0
62.940    534.7
62.960    571.7
62.980    462.2
63.000    496.2
63.020    440.9
63.040    492.8
63.060    483.5
63.080    523.2
63.100    517.4
63.120    470.0
63.140    569.9
63.160    563.1
63.180    501.3
63.200    450.3
63.220    503.1
63.240    491.5
63.260    560.3
63.280    506.8
63.300    505.6
63.320    507.1
63.340    458.9
63.360    507.6
63.380    487.4
63.400    495.6
63.420    448.9
63.440    488.2
63.460    474.6
63.480    493.2
63.500    526.6
63.520    478.1
63.540    482.0
63.560    518.1
63.580    512.0
63.600    487.9
63.620    503.9
63.640    448.9
63.660    534.7
63.680    491.5
63.700    474.5
63.720    555.2
63.740    517.4
63.760    524.5
63.780    464.9
63.800    478.8
63.820    498.5
63.840    476.1
63.860    521.1
63.880    518.0
63.900    545.1
63.920    508.6
63.940    484.8
63.960    521.0
63.980    495.6
64.000    501.9
64.020    470.5
64.040    486.0
64.060    467.9
64.080    496.7
64.100    493.4
64.120    521.6
64.140    457.7
64.160    538.9
64.180    497.1
64.200    476.7
64.220    518.8
64.240    456.2
64.260    493.0
64.280    462.8
64.300    515.3
64.320    487.1
64.340    480.0
64.360    476.1
64.380    490.2
64.400    505.3
64.420    471.9
64.440    507.2
64.460    484.4
64.480    458.9
64.500    506.3
64.520    529.6
64.540    481.7
64.560    519.9
64.580    483.7
64.600    582.9
64.620    523.0
64.640    548.7
64.660    562.1
64.680    473.2
64.700    492.5
64.720    428.5
64.740    557.7
64.760    546.3
64.780    465.6
64.800    506.5
64.820    486.9
64.840    479.9
64.860    546.4
64.880    457.1
64.900    498.1
64.920    527.6
64.940    495.9
64.960    487.8
64.980    486.0
65.000    491.2
65.020    465.7
65.040    576.5
65.060    527.8
65.080    473.7
65.100    493.5
65.120    494.8
65.140    509.1
65.160    499.1
65.180    483.9
65.200    515.0
65.220    529.1
65.240    477.7
65.260    456.5
65.280    472.7
65.300    421.9
65.320    473.1
65.340    516.2
65.360    499.5
65.380    478.4
65.400    501.5
65.420    486.6
65.440    522.8
65.460    479.1
65.480    483.3
65.500    453.4
65.520    514.6
65.540    491.8
65.560    489.6
65.580    524.9
65.600    524.3
65.620    515.0
65.640    514.2
65.660    511.6
65.680    538.4
65.700    503.1
65.720    482.2
65.740    562.9
65.760    540.3
65.780    471.5
65.800    484.1
65.820    481.7
65.840    533.1
65.860    490.8
65.880    508.9
65.900    491.1
65.920    532.2
65.940    472.9
65.960    502.2
65.980    515.4
66.000    565.9
66.020    554.4
66.040    508.4
66.060    429.2
66.080    506.6
66.100    485.0
66.120    473.9
66.140    516.2
66.160    449.3
66.180    485.2
66.200    543.5
66.220    467.7
66.240    501.8
66.260    517.3
66.280    473.0
66.300    537.6
66.320    470.4
66.340    508.0
66.360    481.2
66.380    542.9
66.400    507.8
66.420    466.8
66.440    489.0
66.460    523.0
66.480    496.5
66.500    468.2
66.520    545.7
66.540    507.5
66.560    493.8
66.580    514.6
66.600    496.4
66.620    495.6
66.640    441.4
66.660    479.9
66.680    451.4
66.700    504.4
66.720    479.9
66.740    486.9
66.760    492.1
66.780    554.1
66.800    499.4
66.820    492.0
66.840    497.6
66.860    542.0
66.880    541.6
66.900    499.9
66.920    583.4
66.940    483.7
66.960    508.4
66.980    488.6
67.000    496.9
67.020    528.1
67.040    438.8
67.060    462.7
67.080    506.5
67.100    497.3
67.120    472.6
67.140    498.1
67.160    467.8
67.180    477.2
67.200    475.6
67.220    525.8
67.240    458.1
67.260    466.5
67.280    517.6
67.300    553.1
67.320    491.5
67.340    458.0
67.360    476.5
67.380    502.7
67.400    487.1
67.420    479.5
67.440    494.3
67.460    495.0
67.480    446.7
67.500    517.4
67.520    455.0
67.540    492.6
67.560    545.4
67.580    532.7
67.600    529.0
67.620    446.3
67.640    495.0
67.660    487.0
67.680    457.4
67.700    507.1
67.720    500.1
67.740    490.3
67.760    472.0
67.780    503.8
67.800    490.0
67.820    466.1
67.840    524.3
67.860    492.4
67.880    548.3
67.900    513.5
67.920    522.0
67.940    517.6
67.960    545.6
67.980    552.6
68.000    440.4
68.020    430.8
68.040    531.9
68.060    549.4
68.080    495.5
68.100    490.8
68.120    458.3
68.140    486.3
68.160    525.0
68.180    507.9
68.200    519.3
68.220    488.9
68.240    506.4
68.260    469.7
68.280    468.3
68.300    488.7
68.320    493.5
68.340    506.9
68.360    521.4
68.380    468.2
68.400    483.4
68.420    452.9
68.440    423.2
68.460    419.8
68.480    537.4
68.500    520.7
68.520    562.9
68.540    431.7
68.560    596.8
68.580    508.0
68.600    531.2
68.620    528.1
68.640    510.2
68.660    488.7
68.680    474.6
68.700    470.6
68.720    478.2
68.740    500.7
68.760    541.9
68.780    485.0
68.800    501.7
68.820    488.5
68.840    507.4
68.860    441.9
68.880    559.7
68.900    578.7
68.920    449.4
68.940    461.8
68.960    520.7
68.980    522.1
69.000    479.4
69.020    503.9
69.040    519.5
69.060    463.7
69.080    459.2
69.100    492.0
69.120    548.1
69.140    506.6
69.160    531.3
69.180    530.4
69.200    453.1
69.220    498.8
69.240    478.8
69.260    538.2
69.280    499.4
69.300    505.7
69.320    504.0
69.340    484.4
69.360    496.9
69.380    483.2
69.400    498.9
69.420    476.3
69.440    459.0
69.460    519.9
69.480    519.0
69.500    537.2
69.520    481.6
69.540    471.2
69.560    476.6
69.580    513.6
69.600    487.3
69.620    511.1
69.640    481.2
69.660    519.4
69.680    532.5
69.700    522.0
69.720    552.6
69.740    505.6
69.760    528.8
69.780    537.3
69.800    491.8
69.820    475.9
69.840    564.9
69.860    533.5
69.880    510.9
69.900    504.1
69.920    495.5
69.940    485.1
69.960    510.3
69.980    435.6
70.000    501.7
70.020    493.6
70.040    455.5
70.060    527.0
70.080    525.9
70.100    489.5
70.120    517.2
70.140    532.0
70.160    524.9
70.180    451.5
70.200    537.2
70.220    491.4
70.240    549.1
70.260    526.2
70.280    481.6
70.300    501.4
70.320    514.3
70.340    529.4
70.360    530.2
70.380    480.7
70.400    518.9
70.420    507.3
70.440    545.0
70.460    540.8
70.480    570.5
70.500    494.8
70.520    456.0
70.540    463.7
70.560    447.5
70.580    499.6
70.600    525.8
70.620    497.2
70.640    475.5
70.660    457.3
70.680    481.2
70.700    516.1
70.720    546.3
70.740    449.1
70.760    479.3
70.780    470.1
70.800    495.7
70.820    502.1
70.840    521.2
70.860    498.8
70.880    468.8
70.900    481.7
70.920    473.2
70.940    533.0
70.960    535.3
70.980    529.5
71.000    521.0
71.020    526.6
71.040    497.5
71.060    524.0
71.080    528.1
71.100    519.5
71.120    518.8
71.140    451.6
71.160    479.1
71.180    476.8
71.200    517.9
71.220    512.4
71.240    465.1
71.260    446.8
71.280    459.5
71.300    480.7
71.320    527.9
71.340    526.2
71.360    560.2
71.380    531.2
71.400    493.2
71.420    512.4
71.440    549.5
71.460    500.7
71.480    510.9
71.500    521.9
71.520    530.7
71.540    478.5
71.560    511.3
71.580    469.7
71.600    503.0
71.620    491.1
71.640    494.3
71.660    507.2
71.680    505.4
71.700    482.6
71.720    506.3
71.740    561.0
71.760    491.8
71.780    475.1
71.800    494.0
71.820    536.5
71.840    520.0
71.860    483.0
71.880    539.0
71.900    490.2
71.920    438.4
71.940    568.9
71.960    458.0
71.980    572.9
72.000    523.9
72.020    456.8
72.040    504.1
72.060    464.9
72.080    469.2
72.100    490.3
72.120    494.8
72.140    498.4
72.160    560.0
72.180    554.4
72.200    484.8
72.220    487.5
72.240    511.9
72.260    465.0
72.280    511.1
72.300    481.7
72.320    531.3
72.340    522.0
72.360    531.3
72.380    547.4
72.400    486.4
72.420    557.1
72.440    500.1
72.460    549.4
72.480    494.8
72.500    482.4
72.520    484.5
72.540    467.5
72.560    532.7
72.580    518.3
72.600    496.4
72.620    504.6
72.640    490.9
72.660    485.5
72.680    428.0
72.700    483.5
72.720    512.3
72.740    482.7
72.760    494.8
72.780    496.9
72.800    584.0
72.820    535.1
72.840    483.7
72.860    496.5
72.880    503.5
72.900    566.1
72.920    470.3
72.940    501.2
72.960    465.6
72.980    494.1
73.000    544.1
73.020    473.3
73.040    471.0
73.060    497.6
73.080    452.0
73.100    455.4
73.120    464.4
73.140    522.6
73.160    490.5
73.180    551.3
73.200    526.9
73.220    475.1
73.240    492.6
73.260    489.7
73.280    506.6
73.300    498.4
73.320    514.0
73.340    525.9
73.360    504.2
73.380    450.1
73.400    479.3
73.420    522.8
73.440    521.6
73.460    503.3
73.480    472.9
73.500    465.5
73.520    475.2
73.540    472.6
73.560    503.3
73.580    507.3
73.600    486.0
73.620    446.1
73.640    498.5
73.660    473.0
73.680    533.7
73.700    489.1
73.720    528.1
73.740    496.2
73.760    510.7
73.780    507.7
73.800    521.8
73.820    512.3
73.840    504.5
73.860    523.7
73.880    511.9
73.900    538.5
73.920    581.5
73.940    484.4
73.960    474.7
73.980    537.8
74.000    464.9
74.020    492.4
74.040    497.4
74.060    493.9
74.080    484.9
74.100    462.8
74.120    524.9
74.140    500.4
74.160    481.9
74.180    523.9
74.200    535.7
74.220    517.2
74.240    489.0
74.260    455.6
74.280    499.3
74.300    494.9
74.320    497.0
74.340    505.3
74.360    568.4
74.380    535.0
74.400    507.6
74.420    552.4
74.440    448.3
74.460    512.8
74.480    500.3
74.500    447.9
74.520    524.9
74.540    439.9
74.560    492.2
74.580    477.3
74.600    468.5
74.620    533.4
74.640    528.2
74.660    487.3
74.680    502.6
74.700    509.4
74.720    481.8
74.740    485.3
74.760    531.1
74.780    501.5
74.800    454.2
74.820    489.8
74.840    504.6
74.860    526.6
74.880    508.9
74.900    446.8
74.920    491.9
74.940    537.0
74.960    467.9
74.980    552.0
75.000    534.4
75.020    528.1
75.040    575.8
75.060    436.2
75.080    504.2
75.100    526.9
75.120    470.1
75.140    455.1
75.160    446.3
75.180    502.1
75.200    510.6
75.220    504.3
75.240    515.7
75.260    497.3
75.280    517.3
75.300    488.4
75.320    480.0
75.340    460.9
75.360    505.2
75.380    478.0
75.400    547.2
75.420    472.7
75.440    566.8
75.460    473.4
75.480    478.0
75.500    499.5
75.520    504.6
75.540    507.3
75.560    501.0
75.580    496.5
75.600    515.7
75.620    476.8
75.640    455.6
75.660    506.5
75.680    497.8
75.700    543.4
75.720    521.6
75.740    516.7
75.760    506.6
75.780    533.3
75.800    513.7
75.820    512.4
75.840    426.2
75.860    537.2
75.880    498.9
75.900    521.7
75.920    466.0
75.940    501.7
75.960    507.2
75.980    514.7
76.000    458.7
76.020    530.8
76.040    491.5
76.060    555.0
76.080    512.1
76.100    504.8
76.120    528.2
76.140    506.2
76.160    512.8
76.180    526.4
76.200    502.5
76.220    469.9
76.240    484.4
76.260    496.4
76.280    483.0
76.300    480.4
76.320    467.4
76.340    486.8
76.360    435.9
76.380    465.7
76.400    529.0
76.420    471.4
76.440    519.8
76.460    498.1
76.480    511.1
76.500    480.6
76.520    491.2
76.540    528.6
76.560    476.5
76.580    496.4
76.600    481.3
76.620    469.0
76.640    474.7
76.660    524.9
76.680    488.0
76.700    438.2
76.720    479.7
76.740    503.5
76.760    502.1
76.780    485.0
76.800    499.4
76.820    485.8
76.840    502.3
76.860    543.2
76.880    473.7
76.900    552.4
76.920    451.0
76.940    624.7
76.960    521.2
76.980    508.0
77.000    527.7
77.020    492.6
77.040    517.3
77.060    495.8
77.080    503.6
77.100    481.1
77.120    535.9
77.140    510.7
77.160    529.5
77.180    533.0
77.200    447.6
77.220    530.9
77.240    567.9
77.260    483.6
77.280    541.5
77.300    465.4
77.320    499.7
77.340    473.2
77.360    556.9
77.380    503.8
77.400    536.2
77.420    447.2
77.440    488.1
77.460    452.7
77.480    437.0
77.500    485.5
77.520    543.1
77.540    511.4
77.560    485.5
77.580    517.1
77.600    487.4
77.620    527.6
77.640    461.4
77.660    545.3
77.680    490.7
77.700    495.3
77.720    489.5
77.740    525.9
77.760    416.5
77.780    525.6
77.800    481.0
77.820    498.1
77.840    483.8
77.860    513.7
77.880    432.0
77.900    509.4
77.920    546.2
77.940    483.3
77.960    516.2
77.980    539.2
78.000    551.6
78.020    504.5
78.040    452.8
78.060    475.9
78.080    502.2
78.100    490.9
78.120    462.5
78.140    446.6
78.160    463.3
78.180    534.3
78.200    514.0
78.220    485.5
78.240    527.0
78.260    470.1
78.280    477.9
78.300    512.9
78.320    512.2
78.340    486.8
78.360    456.1
78.380    524.8
78.400    487.1
78.420    483.5
78.440    497.5
78.460    517.6
78.480    453.5
78.500    507.4
78.520    557.8
78.540    508.0
78.560    540.2
78.580    498.2
78.600    524.2
78.620    508.4
78.640    465.2
78.660    541.2
78.680    557.8
78.700    508.1
78.720    508.7
78.740    491.1
78.760    477.9
78.780    507.1
78.800    529.6
78.820    483.4
78.840    525.2
78.860    476.9
78.880    483.1
78.900    495.7
78.920    516.0
78.940    477.9
78.960    456.6
78.980    490.6
79.000    486.9
79.020    518.8
79.040    461.5
79.060    536.8
79.080    531.1
79.100    524.2
79.120    528.9
79.140    454.2
79.160    478.5
79.180    479.3
79.200    518.5
79.220    538.9
79.240    564.4
79.260    497.0
79.280    541.8
79.300    520.0
79.320    509.6
79.340    513.8
79.360    548.3
79.380    530.8
79.400    453.7
79.420    530.9
79.440    501.2
79.460    497.7
79.480    396.9
79.500    521.7
79.520    530.0
79.540    501.7
79.560    465.2
79.580    549.9
79.600    521.9
79.620    529.2
79.640    482.2
79.660    460.7
79.680    507.9
79.700    503.4
79.720    504.9
79.740    561.7
79.760    506.3
79.780    505.6
79.800    514.8
79.820    516.7
79.840    526.0
79.860    478.4
79.880    490.0
79.900    491.8
79.920    474.8
79.940    467.8
79.960    454.2
79.980    501.3
80.000    509.1
