# SYNTHETIC DATA – not measured – generated by make_demo_data.py
# Sample: Annealed 5um
# Date: 2025-06-20
# 2Theta (deg)    Intensity (counts)
20.000    2084.1
20.020    2075.1
20.040    2087.9
20.060    2075.7
20.080    2117.2
20.100    2050.3
20.120    2137.5
20.140    2102.5
20.160    2113.1
20.180    2094.1
20.200    2084.5
20.220    2126.8
20.240    2169.2
20.260    2163.9
20.280    2188.0
20.300    2162.5
20.320    2182.6
20.340    2179.1
20.360    2158.2
20.380    2194.3
20.400    2190.4
20.420    2234.3
20.440    2211.2
20.460    2222.9
20.480    2246.7
20.500    2264.7
20.520    2240.2
20.540    2246.1
20.560    2261.5
20.580    2293.1
20.600    2241.2
20.620    2242.4
20.640    2367.9
20.660    2283.0
20.680    2296.3
20.700    2237.3
20.720    2291.6
20.740    2306.4
20.760    2298.5
20.780    2308.9
20.800    2321.8
20.820    2342.1
20.840    2365.6
20.860    2306.3
20.880    2310.5
20.900    2369.6
20.920    2363.8
20.940    2338.2
20.960    2327.1
20.980    2349.7
21.000    2377.9
21.020    2400.6
21.040    2417.0
21.060    2413.2
21.080    2366.0
21.100    2452.5
21.120    2425.1
21.140    2405.3
21.160    2407.9
21.180    2444.0
21.200    2408.1
21.220    2414.8
21.240    2431.2
21.260    2474.4
21.280    2392.8
21.300    2468.2
21.320    2380.2
21.340    2418.0
21.360    2453.0
21.380    2480.3
21.400    2415.6
21.420    2485.8
21.440    2495.2
21.460    2449.1
21.480    2456.3
21.500    2462.0
21.520    2413.4
21.540    2545.4
21.560    2490.1
21.580    2438.0
21.600    2496.3
21.620    2495.1
21.640    2477.9
21.660    2489.2
21.680    2514.9
21.700    2473.9
21.720    2461.3
21.740    2543.2
21.760    2504.4
21.780    2481.6
21.800    2543.3
21.820    2429.1
21.840    2463.5
21.860    2516.3
21.880    2504.2
21.900    2507.2
21.920    2482.5
21.940    2479.7
21.960    2482.8
21.980    2488.4
22.000    2519.4
22.020    2529.5
22.040    2516.4
22.060    2540.7
22.080    2447.8
22.100    2493.8
22.120    2466.0
22.140    2549.4
22.160    2488.7
22.180    2513.4
22.200    2500.5
22.220    2470.6
22.240    2464.9
22.260    2505.9
22.280    2511.8
22.300    2473.9
22.320    2539.5
22.340    2487.0
22.360    2508.8
22.380    2491.9
22.400    2508.5
22.420    2432.2
22.440    2519.7
22.460    2498.2
22.480    2495.0
22.500    2506.4
22.520    2485.0
22.540    2420.0
22.560    2443.9
22.580    2423.3
22.600    2438.3
22.620    2468.5
22.640    2492.1
22.660    2401.2
22.680    2406.0
22.700    2437.8
22.720    2449.3
22.740    2437.5
22.760    2409.4
22.780    2434.7
22.800    2429.0
22.820    2392.3
22.840    2448.4
22.860    2362.5
22.880    2403.3
22.900    2397.9
22.920    2406.1
22.940    2419.3
22.960    2370.9
22.980    2377.9
23.000    2394.0
23.020    2421.1
23.040    2348.1
23.060    2382.9
23.080    2363.8
23.100    2326.4
23.120    2363.5
23.140    2313.9
23.160    2337.8
23.180    2337.5
23.200    2391.9
23.220    2294.8
23.240    2337.2
23.260    2318.8
23.280    2301.8
23.300    2288.8
23.320    2336.1
23.340    2269.8
23.360    2305.7
23.380    2269.6
23.400    2289.7
23.420    2287.7
23.440    2211.0
23.460    2222.5
23.480    2241.6
23.500    2240.6
23.520    2189.6
23.540    2237.4
23.560    2246.1
23.580    2209.1
23.600    2208.8
23.620    2161.2
23.640    2223.1
23.660    2238.5
23.680    2259.3
23.700    2174.8
23.720    2218.3
23.740    2139.2
23.760    2160.4
23.780    2144.1
23.800    2088.0
23.820    2107.1
23.840    2118.4
23.860    2110.8
23.880    2090.0
23.900    2094.7
23.920    2113.9
23.940    2113.3
23.960    2005.3
23.980    2049.2
24.000    2057.8
24.020    1978.2
24.040    2054.3
24.060    2072.3
24.080    1984.8
24.100    1948.6
24.120    1993.0
24.140    2041.5
24.160    2075.8
24.180    1998.0
24.200    1978.5
24.220    1943.8
24.240    1983.1
24.260    1931.0
24.280    1949.4
24.300    1970.0
24.320    1932.7
24.340    1890.8
24.360    1923.6
24.380    1939.2
24.400    1932.8
24.420    1838.7
24.440    1893.1
24.460    1885.6
24.480    1854.7
24.500    1821.2
24.520    1823.9
24.540    1812.9
24.560    1892.6
24.580    1829.5
24.600    1805.3
24.620    1816.7
24.640    1838.4
24.660    1786.5
24.680    1805.6
24.700    1791.8
24.720    1749.4
24.740    1801.6
24.760    1754.9
24.780    1772.2
24.800    1771.0
24.820    1707.7
24.840    1688.2
24.860    1685.1
24.880    1761.1
24.900    1687.8
24.920    1666.9
24.940    1716.1
24.960    1639.8
24.980    1709.0
25.000    1623.5
25.020    1645.3
25.040    1629.1
25.060    1628.4
25.080    1637.7
25.100    1623.6
25.120    1556.2
25.140    1552.5
25.160    1572.4
25.180    1589.2
25.200    1547.1
25.220    1531.2
25.240    1484.9
25.260    1547.8
25.280    1530.0
25.300    1484.9
25.320    1496.9
25.340    1542.0
25.360    1472.1
25.380    1460.0
25.400    1493.9
25.420    1409.9
25.440    1445.5
25.460    1441.5
25.480    1416.7
25.500    1419.4
25.520    1413.3
25.540    1419.0
25.560    1400.2
25.580    1419.0
25.600    1414.4
25.620    1381.9
25.640    1366.1
25.660    1299.5
25.680    1387.7
25.700    1357.3
25.720    1348.7
25.740    1365.8
25.760    1308.3
25.780    1298.0
25.800    1330.7
25.820    1199.5
25.840    1319.9
25.860    1293.9
25.880    1239.3
25.900    1246.4
25.920    1295.2
25.940    1233.9
25.960    1272.7
25.980    1252.0
26.000    1234.6
26.020    1224.5
26.040    1215.2
26.060    1200.0
26.080    1213.3
26.100    1224.4
26.120    1130.3
26.140    1226.9
26.160    1244.6
26.180    1123.3
26.200    1200.0
26.220    1160.8
26.240    1173.0
26.260    1142.4
26.280    1104.5
26.300    1149.9
26.320    1128.4
26.340    1131.3
26.360    1080.8
26.380    1099.0
26.400    1127.3
26.420    1044.5
26.440    1095.4
26.460    1028.7
26.480    1099.5
26.500    1133.5
26.520    1018.1
26.540    1049.6
26.560    1064.8
26.580    1011.8
26.600    1063.6
26.620    1037.9
26.640    1015.1
26.660    1049.3
26.680    1016.7
26.700    1083.5
26.720    1034.4
26.740    1003.1
26.760    997.6
26.780    948.4
26.800    954.6
26.820    940.7
26.840    975.2
26.860    966.6
26.880    912.7
26.900    950.0
26.920    932.8
26.940    909.8
26.960    940.6
26.980    909.8
27.000    891.4
27.020    890.7
27.040    908.7
27.060    854.9
27.080    871.7
27.100    893.9
27.120    904.4
27.140    879.8
27.160    864.2
27.180    819.9
27.200    891.2
27.220    831.3
27.240    819.4
27.260    873.5
27.280    818.4
27.300    806.2
27.320    839.1
27.340    847.4
27.360    834.2
27.380    766.6
27.400    821.7
27.420    797.1
27.440    790.6
27.460    816.6
27.480    816.4
27.500    748.2
27.520    817.7
27.540    778.6
27.560    776.5
27.580    753.1
27.600    778.0
27.620    793.4
27.640    750.4
27.660    719.4
27.680    829.0
27.700    788.6
27.720    772.4
27.740    792.9
27.760    724.7
27.780    729.3
27.800    711.0
27.820    738.1
27.840    826.7
27.860    781.9
27.880    710.0
27.900    770.1
27.920    752.9
27.940    764.0
27.960    697.8
27.980    715.6
28.000    680.5
28.020    709.3
28.040    730.7
28.060    695.4
28.080    696.9
28.100    722.3
28.120    679.7
28.140    655.8
28.160    705.9
28.180    626.6
28.200    719.1
28.220    646.4
28.240    658.2
28.260    630.2
28.280    708.4
28.300    706.8
28.320    671.7
28.340    675.4
28.360    702.1
28.380    661.5
28.400    613.9
28.420    622.6
28.440    631.0
28.460    565.6
28.480    630.8
28.500    625.7
28.520    649.9
28.540    631.7
28.560    672.4
28.580    611.3
28.600    632.6
28.620    651.0
28.640    619.2
28.660    627.0
28.680    567.8
28.700    620.7
28.720    606.3
28.740    644.5
28.760    608.5
28.780    618.0
28.800    657.8
28.820    569.9
28.840    610.2
28.860    568.6
28.880    588.7
28.900    596.1
28.920    574.0
28.940    621.6
28.960    575.2
28.980    586.2
29.000    596.1
29.020    588.2
29.040    601.8
29.060    568.3
29.080    624.1
29.100    601.0
29.120    601.6
29.140    596.1
29.160    578.9
29.180    584.5
29.200    594.7
29.220    613.1
29.240    597.4
29.260    565.5
29.280    587.8
29.300    543.5
29.320    579.9
29.340    563.9
29.360    567.4
29.380    565.0
29.400    538.2
29.420    551.0
29.440    557.0
29.460    567.7
29.480    572.6
29.500    554.0
29.520    540.5
29.540    592.3
29.560    522.0
29.580    622.4
29.600    594.6
29.620    564.7
29.640    543.9
29.660    548.5
29.680    534.1
29.700    585.3
29.720    571.7
29.740    537.1
29.760    547.9
29.780    547.2
29.800    534.8
29.820    556.0
29.840    537.3
29.860    571.5
29.880    552.5
29.900    515.8
29.920    550.6
29.940    584.3
29.960    547.9
29.980    530.7
30.000    507.5
30.020    523.3
30.040    552.9
30.060    543.7
30.080    489.2
30.100    548.6
30.120    495.3
30.140    535.2
30.160    530.8
30.180    535.6
30.200    529.6
30.220    509.1
30.240    510.3
30.260    539.1
30.280    526.0
30.300    560.1
30.320    524.6
30.340    552.5
30.360    530.4
30.380    514.2
30.400    570.3
30.420    493.3
30.440    504.5
30.460    545.0
30.480    554.0
30.500    528.2
30.520    513.6
30.540    516.0
30.560    552.5
30.580    467.2
30.600    464.3
30.620    497.4
30.640    482.8
30.660    500.6
30.680    506.8
30.700    495.9
30.720    514.3
30.740    508.7
30.760    498.2
30.780    505.8
30.800    506.5
30.820    493.1
30.840    548.2
30.860    525.8
30.880    482.6
30.900    557.4
30.920    527.9
30.940    494.0
30.960    509.1
30.980    472.7
31.000    488.6
31.020    487.2
31.040    527.6
31.060    572.7
31.080    530.5
31.100    519.0
31.120    511.4
31.140    533.8
31.160    528.3
31.180    481.1
31.200    481.9
31.220    496.2
31.240    530.7
31.260    504.5
31.280    437.0
31.300    520.5
31.320    554.6
31.340    519.0
31.360    491.3
31.380    521.7
31.400    531.4
31.420    515.7
31.440    500.6
31.460    462.8
31.480    543.1
31.500    483.6
31.520    534.8
31.540    480.9
31.560    471.0
31.580    576.3
31.600    458.8
31.620    518.9
31.640    491.7
31.660    548.3
31.680    503.1
31.700    509.2
31.720    565.2
31.740    495.9
31.760    503.4
31.780    521.0
31.800    474.8
31.820    517.3
31.840    486.1
31.860    536.9
31.880    508.4
31.900    455.0
31.920    482.9
31.940    471.5
31.960    537.5
31.980    476.6
32.000    531.6
32.020    482.2
32.040    504.1
32.060    504.2
32.080    556.8
32.100    476.1
32.120    496.5
32.140    471.3
32.160    606.5
32.180    501.1
32.200    519.4
32.220    487.2
32.240    521.4
32.260    518.4
32.280    488.7
32.300    519.9
32.320    492.3
32.340    470.5
32.360    543.4
32.380    525.3
32.400    502.2
32.420    452.2
32.440    555.7
32.460    488.9
32.480    480.0
32.500    494.7
32.520    511.9
32.540    478.5
32.560    456.5
32.580    504.7
32.600    513.3
32.620    477.7
32.640    499.4
32.660    527.8
32.680    506.0
32.700    481.2
32.720    514.3
32.740    471.2
32.760    500.8
32.780    503.1
32.800    504.5
32.820    518.4
32.840    478.5
32.860    509.9
32.880    447.3
32.900    500.7
32.920    424.3
32.940    484.1
32.960    518.5
32.980    433.6
33.000    487.8
33.020    517.0
33.040    491.6
33.060    477.5
33.080    519.1
33.100    493.8
33.120    497.9
33.140    481.7
33.160    515.0
33.180    514.4
33.200    490.0
33.220    518.7
33.240    497.2
33.260    525.0
33.280    434.0
33.300    455.1
33.320    482.4
33.340    529.3
33.360    533.1
33.380    495.4
33.400    487.4
33.420    536.8
33.440    493.1
33.460    457.9
33.480    484.2
33.500    518.7
33.520    508.0
33.540    549.2
33.560    494.4
33.580    546.8
33.600    473.5
33.620    506.5
33.640    493.8
33.660    529.5
33.680    443.5
33.700    520.7
33.720    495.5
33.740    515.7
33.760    566.7
33.780    455.0
33.800    540.5
33.820    495.9
33.840    473.5
33.860    507.8
33.880    469.7
33.900    477.0
33.920    537.7
33.940    518.3
33.960    507.3
33.980    534.3
34.000    449.2
34.020    495.9
34.040    467.9
34.060    513.8
34.080    513.1
34.100    462.6
34.120    533.6
34.140    564.1
34.160    480.1
34.180    519.7
34.200    510.8
34.220    470.0
34.240    504.7
34.260    491.9
34.280    470.2
34.300    520.2
34.320    536.8
34.340    445.9
34.360    450.5
34.380    495.5
34.400    452.1
34.420    545.0
34.440    484.3
34.460    539.5
34.480    481.7
34.500    493.2
34.520    505.6
34.540    546.2
34.560    525.1
34.580    456.0
34.600    495.4
34.620    498.4
34.640    509.1
34.660    577.4
34.680    529.3
34.700    482.2
34.720    487.7
34.740    501.0
34.760    470.4
34.780    490.9
34.800    477.3
34.820    522.0
34.840    476.8
34.860    574.8
34.880    496.7
34.900    451.4
34.920    498.0
34.940    489.5
34.960    466.4
34.980    525.9
35.000    487.3
35.020    509.8
35.040    503.4
35.060    502.9
35.080    474.8
35.100    471.7
35.120    422.9
35.140    521.2
35.160    526.7
35.180    493.3
35.200    508.6
35.220    478.6
35.240    511.4
35.260    486.0
35.280    466.4
35.300    478.2
35.320    494.7
35.340    496.2
35.360    572.9
35.380    435.4
35.400    519.8
35.420    513.1
35.440    447.5
35.460    499.1
35.480    572.6
35.500    474.1
35.520    475.5
35.540    469.4
35.560    514.1
35.580    500.1
35.600    528.9
35.620    542.4
35.640    474.2
35.660    498.3
35.680    483.3
35.700    523.7
35.720    457.5
35.740    509.3
35.760    535.1
35.780    526.5
35.800    473.9
35.820    473.9
35.840    493.4
35.860    474.9
35.880    483.3
35.900    469.0
35.920    430.9
35.940    513.0
35.960    540.6
35.980    487.4
36.000    466.7
36.020    524.4
36.040    499.9
36.060    477.0
36.080    477.1
36.100    431.2
36.120    516.4
36.140    523.1
36.160    492.1
36.180    498.5
36.200    458.3
36.220    490.2
36.240    501.6
36.260    473.6
36.280    490.4
36.300    496.6
36.320    449.5
36.340    469.2
36.360    544.5
36.380    515.1
36.400    459.5
36.420    542.7
36.440    491.4
36.460    497.8
36.480    522.3
36.500    563.1
36.520    554.8
36.540    464.3
36.560    533.3
36.580    563.4
36.600    527.6
36.620    469.2
36.640    504.6
36.660    505.3
36.680    492.5
36.700    470.4
36.720    506.5
36.740    493.6
36.760    518.3
36.780    534.4
36.800    492.3
36.820    505.8
36.840    483.1
36.860    540.9
36.880    548.8
36.900    505.9
36.920    513.6
36.940    429.7
36.960    471.6
36.980    506.1
37.000    496.1
37.020    509.8
37.040    486.0
37.060    549.1
37.080    501.4
37.100    469.8
37.120    536.9
37.140    509.5
37.160    513.9
37.180    499.6
37.200    521.6
37.220    543.3
37.240    488.4
37.260    565.3
37.280    528.9
37.300    507.1
37.320    453.7
37.340    486.6
37.360    489.4
37.380    501.1
37.400    493.3
37.420    500.3
37.440    484.0
37.460    543.2
37.480    476.0
37.500    490.2
37.520    477.7
37.540    476.1
37.560    531.2
37.580    500.2
37.600    560.2
37.620    502.7
37.640    511.0
37.660    527.0
37.680    437.7
37.700    525.4
37.720    477.6
37.740    479.5
37.760    507.0
37.780    472.4
37.800    499.3
37.820    500.9
37.840    513.6
37.860    522.1
37.880    544.0
37.900    528.6
37.920    459.4
37.940    457.2
37.960    486.5
37.980    511.1
38.000    500.7
38.020    468.3
38.040    523.7
38.060    497.6
38.080    470.7
38.100    520.9
38.120    482.8
38.140    532.5
38.160    458.5
38.180    489.7
38.200    522.5
38.220    537.6
38.240    496.4
38.260    539.9
38.280    508.4
38.300    531.9
38.320    507.8
38.340    461.7
38.360    496.2
38.380    464.6
38.400    457.9
38.420    428.4
38.440    519.6
38.460    497.9
38.480    498.4
38.500    547.5
38.520    506.3
38.540    522.2
38.560    479.2
38.580    521.1
38.600    505.6
38.620    537.0
38.640    491.5
38.660    439.9
38.680    525.0
38.700    495.7
38.720    516.1
38.740    496.4
38.760    528.6
38.780    506.6
38.800    523.8
38.820    512.3
38.840    549.7
38.860    588.6
38.880    531.5
38.900    546.4
38.920    431.8
38.940    537.9
38.960    476.0
38.980    495.2
39.000    500.7
39.020    511.0
39.040    454.7
39.060    461.9
39.080    515.9
39.100    505.1
39.120    541.0
39.140    529.0
39.160    516.5
39.180    495.6
39.200    545.5
39.220    525.2
39.240    523.1
39.260    431.1
39.280    466.3
39.300    528.5
39.320    471.7
39.340    504.4
39.360    506.4
39.380    506.3
39.400    517.6
39.420    480.4
39.440    461.8
39.460    465.0
39.480    502.9
39.500    517.1
39.520    492.9
39.540    440.2
39.560    461.6
39.580    501.5
39.600    431.5
39.620    496.8
39.640    516.0
39.660    503.8
39.680    477.8
39.700    547.5
39.720    519.0
39.740    498.9
39.760    436.7
39.780    528.3
39.800    564.3
39.820    540.2
39.840    483.6
39.860    508.3
39.880    452.7
39.900    476.6
39.920    529.8
39.940    483.2
39.960    503.7
39.980    521.9
40.000    490.0
40.020    454.9
40.040    487.5
40.060    498.7
40.080    520.1
40.100    484.9
40.120    496.0
40.140    524.8
40.160    565.0
40.180    484.1
40.200    435.5
40.220    516.8
40.240    470.3
40.260    480.2
40.280    546.0
40.300    526.6
40.320    543.7
40.340    562.8
40.360    518.0
40.380    497.2
40.400    470.4
40.420    557.6
40.440    506.6
40.460    515.2
40.480    519.4
40.500    524.9
40.520    502.7
40.540    478.4
40.560    461.5
40.580    465.9
40.600    505.3
40.620    527.6
40.640    520.2
40.660    513.2
40.680    521.0
40.700    500.2
40.720    451.1
40.740    540.9
40.760    558.7
40.780    604.0
40.800    493.0
40.820    448.0
40.840    528.4
40.860    490.0
40.880    550.2
40.900    453.3
40.920    456.3
40.940    445.2
40.960    490.2
40.980    512.6
41.000    505.0
41.020    560.5
41.040    466.0
41.060    519.0
41.080    543.0
41.100    475.3
41.120    494.2
41.140    447.6
41.160    547.3
41.180    454.4
41.200    513.8
41.220    492.8
41.240    455.6
41.260    499.0
41.280    461.6
41.300    505.4
41.320    472.4
41.340    473.7
41.360    516.3
41.380    483.3
41.400    479.0
41.420    522.8
41.440    485.2
41.460    553.5
41.480    485.7
41.500    511.1
41.520    477.5
41.540    486.6
41.560    494.4
41.580    473.4
41.600    478.0
41.620    546.9
41.640    457.6
41.660    479.4
41.680    469.9
41.700    506.6
41.720    496.4
41.740    509.8
41.760    482.6
41.780    485.4
41.800    499.6
41.820    497.5
41.840    519.6
41.860    445.3
41.880    460.4
41.900    464.8
41.920    523.6
41.940    519.8
41.960    512.7
41.980    535.2
42.000    488.6
42.020    483.5
42.040    502.5
42.060    491.9
42.080    514.4
42.100    488.6
42.120    536.5
42.140    456.4
42.160    520.4
42.180    514.2
42.200    474.8
42.220    509.4
42.240    488.0
42.260    477.7
42.280    527.4
42.300    470.7
42.320    535.1
42.340    476.6
42.360    541.2
42.380    735.9
42.400    1199.3
42.420    2693.1
42.440    6445.6
42.460    13332.9
42.480    22937.8
42.500    31843.1
42.520    35530.2
42.540    31844.9
42.560    22930.2
42.580    13366.2
42.600    6440.7
42.620    2704.9
42.640    1161.9
42.660    587.0
42.680    512.4
42.700    493.0
42.720    500.8
42.740    481.5
42.760    495.1
42.780    455.8
42.800    543.8
42.820    491.5
42.840    491.9
42.860    475.6
42.880    414.1
42.900    511.8
42.920    445.9
42.940    544.6
42.960    520.5
42.980    498.7
43.000    507.1
43.020    476.4
43.040    454.2
43.060    534.1
43.080    458.4
43.100    471.6
43.120    516.1
43.140    468.0
43.160    471.1
43.180    507.2
43.200    437.0
43.220    532.1
43.240    504.9
43.260    490.6
43.280    500.7
43.300    474.9
43.320    532.7
43.340    445.7
43.360    543.4
43.380    500.3
43.400    478.8
43.420    483.4
43.440    511.1
43.460    540.2
43.480    474.0
43.500    519.6
43.520    539.4
43.540    475.4
43.560    476.9
43.580    503.1
43.600    517.0
43.620    530.6
43.640    479.9
43.660    441.1
43.680    480.7
43.700    518.6
43.720    452.2
43.740    518.8
43.760    504.7
43.780    543.7
43.800    493.8
43.820    526.1
43.840    479.6
43.860    424.9
43.880    520.5
43.900    538.2
43.920    484.4
43.940    487.9
43.960    476.7
43.980    525.8
44.000    475.5
44.020    481.2
44.040    493.7
44.060    509.4
44.080    482.1
44.100    470.0
44.120    524.8
44.140    513.3
44.160    535.2
44.180    486.6
44.200    466.4
44.220    503.3
44.240    558.7
44.260    517.3
44.280    469.1
44.300    484.5
44.320    558.6
44.340    489.1
44.360    412.5
44.380    515.7
44.400    453.2
44.420    519.7
44.440    477.4
44.460    526.8
44.480    473.0
44.500    466.6
44.520    574.4
44.540    491.0
44.560    492.1
44.580    461.2
44.600    480.9
44.620    551.0
44.640    536.0
44.660    494.2
44.680    503.4
44.700    470.9
44.720    510.4
44.740    461.6
44.760    425.2
44.780    542.2
44.800    453.9
44.820    502.8
44.840    517.5
44.860    476.8
44.880    496.8
44.900    500.0
44.920    490.6
44.940    498.4
44.960    509.9
44.980    504.4
45.000    445.7
45.020    548.4
45.040    548.9
45.060    688.9
45.080    947.9
45.100    1263.9
45.120    1650.2
45.140    2061.5
45.160    2419.8
45.180    2499.4
45.200    2339.3
45.220    2018.9
45.240    1634.8
45.260    1256.9
45.280    949.2
45.300    690.5
45.320    569.2
45.340    549.4
45.360    475.8
45.380    514.1
45.400    543.6
45.420    486.9
45.440    446.5
45.460    485.4
45.480    548.7
45.500    517.0
45.520    500.0
45.540    476.5
45.560    527.1
45.580    461.8
45.600    546.3
45.620    504.9
45.640    488.0
45.660    569.6
45.680    464.1
45.700    521.6
45.720    485.8
45.740    503.0
45.760    524.3
45.780    514.2
45.800    440.8
45.820    540.9
45.840    548.5
45.860    457.2
45.880    478.5
45.900    534.1
45.920    486.9
45.940    483.4
45.960    503.4
45.980    503.9
46.000    486.7
46.020    507.0
46.040    493.2
46.060    494.2
46.080    486.2
46.100    593.2
46.120    563.8
46.140    449.3
46.160    493.3
46.180    527.3
46.200    529.1
46.220    482.0
46.240    476.7
46.260    519.1
46.280    506.3
46.300    482.2
46.320    543.6
46.340    529.0
46.360    534.3
46.380    493.1
46.400    518.3
46.420    509.6
46.440    491.6
46.460    524.7
46.480    499.9
46.500    477.7
46.520    498.8
46.540    505.7
46.560    503.4
46.580    537.4
46.600    455.4
46.620    522.2
46.640    459.4
46.660    478.1
46.680    423.5
46.700    469.3
46.720    572.3
46.740    428.7
46.760    500.1
46.780    491.6
46.800    515.6
46.820    555.7
46.840    526.0
46.860    521.2
46.880    469.4
46.900    482.3
46.920    471.1
46.940    497.7
46.960    485.1
46.980    470.2
47.000    485.6
47.020    510.2
47.040    517.9
47.060    528.8
47.080    538.0
47.100    555.8
47.120    833.4
47.140    2581.0
47.160    11347.7
47.180    46314.8
47.200    155962.3
47.220    422984.7
47.240    920176.3
47.260    1603445.3
47.280    2237658.6
47.300    2500467.1
47.320    2237624.0
47.340    1603534.5
47.360    920173.1
47.380    423052.1
47.400    155979.9
47.420    46290.7
47.440    11295.2
47.460    2532.8
47.480    827.9
47.500    495.8
47.520    534.7
47.540    482.8
47.560    474.9
47.580    519.5
47.600    566.4
47.620    471.9
47.640    528.0
47.660    492.8
47.680    499.2
47.700    500.1
47.720    491.0
47.740    419.3
47.760    539.5
47.780    530.6
47.800    604.1
47.820    512.6
47.840    453.0
47.860    463.9
47.880    450.5
47.900    508.1
47.920    486.4
47.940    534.3
47.960    528.4
47.980    485.3
48.000    521.6
48.020    462.4
48.040    497.6
48.060    480.4
48.080    527.6
48.100    514.8
48.120    551.8
48.140    515.4
48.160    453.1
48.180    501.8
48.200    524.6
48.220    505.8
48.240    478.3
48.260    517.5
48.280    499.3
48.300    516.0
48.320    536.9
48.340    492.2
48.360    516.5
48.380    484.8
48.400    469.1
48.420    568.0
48.440    504.2
48.460    552.3
48.480    439.4
48.500    448.6
48.520    484.9
48.540    589.7
48.560    463.3
48.580    497.7
48.600    481.1
48.620    474.0
48.640    555.4
48.660    498.5
48.680    569.1
48.700    502.5
48.720    556.6
48.740    488.8
48.760    570.5
48.780    443.7
48.800    457.6
48.820    489.5
48.840    570.1
48.860    522.3
48.880    573.9
48.900    477.5
48.920    563.0
48.940    478.3
48.960    435.7
48.980    498.0
49.000    496.6
49.020    537.9
49.040    487.1
49.060    508.5
49.080    455.4
49.100    458.4
49.120    505.4
49.140    516.5
49.160    535.4
49.180    526.7
49.200    531.0
49.220    548.6
49.240    468.6
49.260    483.5
49.280    528.8
49.300    525.4
49.320    490.8
49.340    500.9
49.360    537.9
49.380    511.2
49.400    541.8
49.420    492.4
49.440    475.2
49.460    490.2
49.480    479.7
49.500    505.6
49.520    482.6
49.540    529.7
49.560    486.4
49.580    456.4
49.600    514.5
49.620    496.7
49.640    432.2
49.660    464.0
49.680    486.3
49.700    512.3
49.720    550.6
49.740    509.0
49.760    523.5
49.780    568.9
49.800    529.1
49.820    486.1
49.840    487.7
49.860    473.1
49.880    473.1
49.900    471.5
49.920    493.9
49.940    443.4
49.960    454.4
49.980    474.8
50.000    500.4
50.020    463.5
50.040    476.7
50.060    479.8
50.080    477.1
50.100    566.1
50.120    519.3
50.140    482.3
50.160    506.3
50.180    493.3
50.200    511.9
50.220    501.3
50.240    465.4
50.260    519.6
50.280    497.1
50.300    511.6
50.320    500.4
50.340    507.2
50.360    557.1
50.380    454.7
50.400    490.7
50.420    475.3
50.440    518.0
50.460    481.4
50.480    512.5
50.500    508.1
50.520    519.2
50.540    492.2
50.560    445.8
50.580    422.0
50.600    515.6
50.620    502.1
50.640    485.1
50.660    538.6
50.680    546.3
50.700    524.9
50.720    525.9
50.740    512.5
50.760    467.8
50.780    476.1
50.800    515.0
50.820    517.0
50.840    461.2
50.860    517.5
50.880    539.2
50.900    522.2
50.920    497.1
50.940    475.8
50.960    503.5
50.980    494.2
51.000    508.9
51.020    510.6
51.040    498.4
51.060    545.7
51.080    514.5
51.100    533.3
51.120    428.7
51.140    522.4
51.160    558.2
51.180    490.6
51.200    463.6
51.220    490.6
51.240    525.9
51.260    532.4
51.280    549.6
51.300    511.2
51.320    520.2
51.340    494.8
51.360    517.0
51.380    479.2
51.400    461.6
51.420    534.7
51.440    478.5
51.460    531.7
51.480    473.6
51.500    528.2
51.520    552.4
51.540    471.4
51.560    468.2
51.580    529.0
51.600    513.4
51.620    448.9
51.640    520.8
51.660    508.1
51.680    529.2
51.700    499.2
51.720    483.9
51.740    497.4
51.760    497.1
51.780    568.0
51.800    550.8
51.820    377.9
51.840    479.5
51.860    495.7
51.880    457.7
51.900    542.2
51.920    511.7
51.940    518.4
51.960    504.6
51.980    537.2
52.000    507.3
52.020    523.9
52.040    512.4
52.060    534.7
52.080    486.3
52.100    439.8
52.120    518.0
52.140    517.7
52.160    507.3
52.180    543.6
52.200    527.8
52.220    527.6
52.240    512.9
52.260    462.2
52.280    532.6
52.300    478.8
52.320    528.8
52.340    501.5
52.360    521.5
52.380    490.8
52.400    454.8
52.420    489.7
52.440    437.3
52.460    535.2
52.480    502.5
52.500    489.2
52.520    514.6
52.540    543.4
52.560    477.5
52.580    485.7
52.600    502.4
52.620    501.0
52.640    519.3
52.660    504.4
52.680    473.7
52.700    523.0
52.720    528.4
52.740    500.2
52.760    528.3
52.780    471.7
52.800    476.7
52.820    436.7
52.840    459.9
52.860    512.4
52.880    522.5
52.900    522.3
52.920    466.6
52.940    499.5
52.960    502.0
52.980    526.3
53.000    518.7
53.020    452.8
53.040    521.5
53.060    535.3
53.080    499.4
53.100    510.5
53.120    533.4
53.140    482.8
53.160    506.4
53.180    484.1
53.200    555.6
53.220    513.5
53.240    484.8
53.260    516.6
53.280    505.1
53.300    474.9
53.320    477.3
53.340    546.8
53.360    486.7
53.380    519.1
53.400    464.4
53.420    469.9
53.440    511.4
53.460    500.3
53.480    494.0
53.500    475.1
53.520    507.3
53.540    457.1
53.560    578.1
53.580    465.2
53.600    461.9
53.620    480.0
53.640    562.7
53.660    462.2
53.680    480.0
53.700    467.0
53.720    508.9
53.740    505.8
53.760    508.9
53.780    473.7
53.800    507.2
53.820    508.1
53.840    484.0
53.860    483.5
53.880    472.3
53.900    475.0
53.920    498.2
53.940    547.0
53.960    477.8
53.980    527.8
54.000    492.2
54.020    480.6
54.040    513.9
54.060    465.9
54.080    505.7
54.100    480.5
54.120    506.4
54.140    501.7
54.160    466.0
54.180    471.8
54.200    491.9
54.220    502.8
54.240    521.5
54.260    505.7
54.280    528.2
54.300    510.8
54.320    471.4
54.340    461.3
54.360    527.6
54.380    512.5
54.400    492.5
54.420    476.6
54.440    509.1
54.460    503.3
54.480    497.3
54.500    491.6
54.520    506.2
54.540    502.4
54.560    462.5
54.580    455.4
54.600    570.8
54.620    555.4
54.640    514.5
54.660    530.0
54.680    539.4
54.700    504.5
54.720    457.9
54.740    480.9
54.760    547.4
54.780    536.3
54.800    478.1
54.820    502.2
54.840    550.1
54.860    513.8
54.880    513.0
54.900    433.2
54.920    456.8
54.940    507.8
54.960    510.0
54.980    528.8
55.000    513.3
55.020    525.0
55.040    463.7
55.060    489.7
55.080    511.0
55.100    482.6
55.120    526.1
55.140    473.0
55.160    516.7
55.180    500.9
55.200    512.9
55.220    508.4
55.240    509.0
55.260    464.6
55.280    486.1
55.300    522.4
55.320    514.9
55.340    456.1
55.360    473.2
55.380    520.4
55.400    485.1
55.420    533.2
55.440    515.4
55.460    514.0
55.480    485.0
55.500    494.1
55.520    510.5
55.540    463.0
55.560    454.0
55.580    533.2
55.600    468.1
55.620    477.9
55.640    514.7
55.660    560.4
55.680    538.0
55.700    510.0
55.720    520.3
55.740    540.5
55.760    512.6
55.780    549.5
55.800    491.7
55.820    497.9
55.840    487.7
55.860    488.8
55.880    507.8
55.900    494.5
55.920    465.2
55.940    525.1
55.960    463.5
55.980    505.3
56.000    517.6
56.020    472.2
56.040    494.4
56.060    534.8
56.080    574.8
56.100    453.0
56.120    454.3
56.140    480.6
56.160    489.0
56.180    533.3
56.200    466.3
56.220    469.6
56.240    458.4
56.260    478.4
56.280    504.0
56.300    482.7
56.320    479.3
56.340    529.4
56.360    516.7
56.380    538.2
56.400    460.9
56.420    496.4
56.440    530.6
56.460    522.0
56.480    509.3
56.500    554.6
56.520    491.3
56.540    519.8
56.560    453.4
56.580    513.5
56.600    486.8
56.620    484.7
56.640    512.0
56.660    443.3
56.680    466.5
56.700    507.8
56.720    500.0
56.740    494.5
56.760    533.0
56.780    518.8
56.800    504.0
56.820    503.5
56.840    500.4
56.860    538.8
56.880    548.1
56.900    471.0
56.920    472.3
56.940    587.5
56.960    505.9
56.980    532.4
57.000    498.9
57.020    435.5
57.040    427.9
57.060    486.9
57.080    501.2
57.100    487.4
57.120    515.2
57.140    510.9
57.160    483.9
57.180    539.4
57.200    545.7
57.220    502.8
57.240    459.2
57.260    438.1
57.280    527.6
57.300    479.0
57.320    485.9
57.340    578.5
57.360    514.9
57.380    471.5
57.400    511.3
57.420    483.8
57.440    485.3
57.460    521.9
57.480    521.9
57.500    514.4
57.520    499.0
57.540    485.4
57.560    443.1
57.580    498.5
57.600    478.5
57.620    454.4
57.640    490.0
57.660    539.0
57.680    472.4
57.700    515.7
57.720    490.3
57.740    468.4
57.760    477.6
57.780    495.5
57.800    526.2
57.820    539.1
57.840    507.7
57.860    474.9
57.880    555.9
57.900    535.7
57.920    557.7
57.940    534.5
57.960    496.4
57.980    415.7
58.000    513.3
58.020    528.7
58.040    493.1
58.060    532.3
58.080    514.8
58.100    460.1
58.120    482.9
58.140    484.3
58.160    470.0
58.180    533.2
58.200    465.9
58.220    519.4
58.240    559.0
58.260    467.8
58.280    521.5
58.300    559.6
58.320    464.0
58.340    455.8
58.360    524.3
58.380    497.1
58.400    511.6
58.420    514.9
58.440    461.2
58.460    482.2
58.480    528.6
58.500    457.3
58.520    467.1
58.540    480.7
58.560    560.2
58.580    468.6
58.600    461.7
58.620    521.0
58.640    531.4
58.660    510.4
58.680    495.6
58.700    499.9
58.720    515.8
58.740    524.2
58.760    466.5
58.780    493.5
58.800    469.9
58.820    485.4
58.840    489.6
58.860    473.4
58.880    500.7
58.900    490.3
58.920    553.0
58.940    485.8
58.960    480.6
58.980    477.7
59.000    526.9
59.020    480.8
59.040    488.3
59.060    511.3
59.080    527.2
59.100    491.1
59.120    560.8
59.140    537.5
59.160    545.1
59.180    557.2
59.200    520.6
59.220    525.2
59.240    503.0
59.260    496.3
59.280    520.3
59.300    496.7
59.320    511.0
59.340    484.0
59.360    515.9
59.380    464.5
59.400    497.5
59.420    480.9
59.440    483.7
59.460    453.0
59.480    534.7
59.500    454.7
59.520    543.1
59.540    499.0
59.560    458.3
59.580    494.2
59.600    583.7
59.620    452.7
59.640    489.5
59.660    450.2
59.680    544.9
59.700    537.1
59.720    500.1
59.740    513.0
59.760    483.7
59.780    516.0
59.800    551.9
59.820    459.7
59.840    502.0
59.860    506.5
59.880    486.5
59.900    499.7
59.920    514.3
59.940    463.0
59.960    454.2
59.980    487.6
60.000    459.6
60.020    523.8
60.040    519.1
60.060    544.5
60.080    528.3
60.100    478.3
60.120    496.8
60.140    474.3
60.160    523.9
60.180    505.6
60.200    525.3
60.220    490.9
60.240    458.7
60.260    489.0
60.280    498.7
60.300    465.4
60.320    523.8
60.340    486.8
60.360    482.7
60.380    515.9
60.400    530.2
60.420    528.6
60.440    535.1
60.460    475.8
60.480    523.9
60.500    467.8
60.520    501.8
60.540    481.9
60.560    486.4
60.580    520.8
60.600    490.5
60.620    514.3
60.640    571.8
60.660    535.4
60.680    515.1
60.700    480.9
60.720    510.2
60.740    523.7
60.760    495.6
60.780    461.8
60.800    483.1
60.820    555.8
60.840    503.6
60.860    493.3
60.880    561.5
60.900    497.9
60.920    465.9
60.940    483.1
60.960    523.1
60.980    486.0
61.000    478.4
61.020    514.0
61.040    514.5
61.060    493.1
61.080    466.0
61.100    520.7
61.120    501.0
61.140    486.4
61.160    481.3
61.180    495.0
61.200    485.2
61.220    491.9
61.240    445.3
61.260    490.8
61.280    517.3
61.300    487.5
61.320    483.3
61.340    510.3
61.360    503.4
61.380    539.4
61.400    470.0
61.420    510.9
61.440    502.3
61.460    514.7
61.480    485.3
61.500    518.3
61.520    435.4
61.540    463.8
61.560    525.5
61.580    538.7
61.600    511.7
61.620    457.4
61.640    462.9
61.660    520.2
61.680    531.0
61.700    527.8
61.720    498.5
61.740    501.3
61.760    509.8
61.780    467.3
61.800    520.0
61.820    495.7
61.840    546.8
61.860    438.1
61.880    463.5
61.900    508.8
61.920    479.4
61.940    484.9
61.960    487.9
61.980    529.4
62.000    485.3
62.020    498.7
62.040    530.4
62.060    517.8
62.080    516.6
62.100    489.6
62.120    500.7
62.140    481.5
62.160    500.9
62.180    513.4
62.200    519.8
62.220    525.6
62.240    478.6
62.260    527.5
62.280    511.2
62.300    535.4
62.320    459.4
62.340    483.1
62.360    523.2
62.380    525.0
62.400    494.3
62.420    499.0
62.440    457.3
62.460    535.9
62.480    516.4
62.500    498.5
62.520    477.2
62.540    525.0
62.560    499.1
62.580    517.9
62.600    533.5
62.620    550.8
62.640    476.1
62.660    568.9
62.680    492.6
62.700    514.7
62.720    481.3
62.740    502.6
62.760    469.3
62.780    484.0
62.800    485.4
62.820    503.5
62.840    502.3
62.860    469.7
62.880    462.4
62.900    441.2
62.920    531.0
62.940    471.1
62.960    519.3
62.980    467.6
63.000    459.0
63.020    514.4
63.040    537.5
63.060    508.7
63.080    538.5
63.100    530.6
63.120    447.6
63.140    460.0
63.160    526.0
63.180    512.2
63.200    511.6
63.220    456.1
63.240    437.4
63.260    500.9
63.280    519.0
63.300    500.4
63.320    454.0
63.340    483.5
63.360    508.1
63.380    552.9
63.400    483.4
63.420    524.0
63.440    488.3
63.460    537.3
63.480    490.0
63.500    479.5
63.520    526.6
63.540    498.0
63.560    517.1
63.580    499.5
63.600    509.4
63.620    504.6
63.640    464.9
63.660    467.4
63.680    502.3
63.700    479.4
63.720    481.7
63.740    517.4
63.760    484.9
63.780    489.4
63.800    476.6
63.820    521.4
63.840    470.0
63.860    509.1
63.880    485.8
63.900    500.5
63.920    493.3
63.940    474.3
63.960    523.3
63.980    498.1
64.000    505.7
64.020    558.8
64.040    493.7
64.060    578.7
64.080    476.7
64.100    459.2
64.120    492.3
64.140    536.6
64.160    546.7
64.180    502.9
64.200    479.8
64.220    461.2
64.240    521.6
64.260    488.9
64.280    468.2
64.300    583.3
64.320    513.8
64.340    478.1
64.360    574.9
64.380    436.8
64.400    523.8
64.420    498.6
64.440    490.5
64.460    564.0
64.480    466.7
64.500    517.0
64.520    489.0
64.540    504.0
64.560    477.5
64.580    432.5
64.600    475.8
64.620    473.5
64.640    507.7
64.660    450.4
64.680    520.9
64.700    542.5
64.720    463.8
64.740    466.4
64.760    471.6
64.780    542.4
64.800    526.6
64.820    461.2
64.840    460.6
64.860    539.6
64.880    472.7
64.900    489.5
64.920    473.3
64.940    454.2
64.960    486.6
64.980    518.5
65.000    546.7
65.020    497.3
65.040    513.4
65.060    522.1
65.080    499.8
65.100    457.2
65.120    491.7
65.140    487.6
65.160    424.4
65.180    527.4
65.200    523.1
65.220    477.3
65.240    518.4
65.260    496.6
65.280    510.8
65.300    517.1
65.320    520.8
65.340    480.6
65.360    456.5
65.380    459.7
65.400    485.6
65.420    502.3
65.440    496.6
65.460    469.6
65.480    471.7
65.500    497.4
65.520    468.6
65.540    516.0
65.560    493.6
65.580    461.4
65.600    510.0
65.620    442.2
65.640    527.3
65.660    552.5
65.680    496.5
65.700    523.8
65.720    484.2
65.740    445.8
65.760    479.2
65.780    485.8
65.800    498.0
65.820    489.5
65.840    536.8
65.860    502.1
65.880    520.1
65.900    521.8
65.920    510.9
65.940    499.4
65.960    495.8
65.980    516.9
66.000    519.2
66.020    459.0
66.040    450.2
66.060    498.7
66.080    456.5
66.100    467.1
66.120    541.8
66.140    460.6
66.160    473.7
66.180    521.5
66.200    453.2
66.220    491.9
66.240    498.1
66.260    508.5
66.280    477.2
66.300    486.5
66.320    523.6
66.340    501.4
66.360    507.1
66.380    500.7
66.400    489.5
66.420    456.4
66.440    492.8
66.460    471.7
66.480    511.6
66.500    492.5
66.520    470.0
66.540    476.5
66.560    514.1
66.580    503.5
66.600    482.9
66.620    448.9
66.640    484.1
66.660    528.6
66.680    492.6
66.700    494.3
66.720    475.4
66.740    487.6
66.760    528.7
66.780    512.7
66.800    563.8
66.820    492.5
66.840    513.7
66.860    514.2
66.880    473.1
66.900    461.4
66.920    533.0
66.940    508.0
66.960    496.9
66.980    476.8
67.000    498.2
67.020    512.6
67.040    522.9
67.060    522.0
67.080    489.6
67.100    505.3
67.120    534.5
67.140    490.7
67.160    515.5
67.180    539.2
67.200    498.4
67.220    541.8
67.240    480.3
67.260    496.1
67.280    453.3
67.300    507.6
67.320    524.3
67.340    469.1
67.360    529.2
67.380    501.0
67.400    476.2
67.420    509.6
67.440    482.2
67.460    475.4
67.480    542.5
67.500    463.4
67.520    507.3
67.540    503.7
67.560    506.3
67.580    495.3
67.600    540.4
67.620    525.0
67.640    498.5
67.660    528.2
67.680    482.4
67.700    515.2
67.720    458.2
67.740    517.9
67.760    494.1
67.780    460.9
67.800    451.6
67.820    513.9
67.840    507.2
67.860    509.6
67.880    486.6
67.900    424.7
67.920    488.1
67.940    532.1
67.960    414.8
67.980    507.0
68.000    451.3
68.020    482.3
68.040    507.6
68.060    467.5
68.080    448.6
68.100    490.1
68.120    494.3
68.140    524.1
68.160    466.9
68.180    464.6
68.200    493.7
68.220    536.2
68.240    524.2
68.260    513.0
68.280    426.3
68.300    524.7
68.320    502.9
68.340    523.2
68.360    491.7
68.380    508.6
68.400    511.2
68.420    501.7
68.440    539.7
68.460    478.9
68.480    444.9
68.500    514.8
68.520    507.3
68.540    476.0
68.560    478.5
68.580    525.8
68.600    521.9
68.620    511.4
68.640    568.1
68.660    528.5
68.680    471.2
68.700    403.6
68.720    503.7
68.740    528.6
68.760    511.7
68.780    503.9
68.800    511.3
68.820    469.9
68.840    449.6
68.860    487.7
68.880    447.9
68.900    504.3
68.920    492.9
68.940    518.9
68.960    473.9
68.980    511.8
69.000    459.1
69.020    549.3
69.040    497.6
69.060    506.3
69.080    535.3
69.100    486.4
69.120    502.3
69.140    489.8
69.160    450.3
69.180    491.8
69.200    556.7
69.220    528.2
69.240    472.4
69.260    535.7
69.280    493.0
69.300    504.8
69.320    486.8
69.340    540.0
69.360    534.8
69.380    539.8
69.400    440.1
69.420    501.8
69.440    485.9
69.460    435.3
69.480    528.7
69.500    493.7
69.520    485.3
69.540    494.6
69.560    471.0
69.580    501.3
69.600    462.8
69.620    513.3
69.640    519.4
69.660    498.6
69.680    450.9
69.700    534.5
69.720    440.1
69.740    505.9
69.760    512.5
69.780    527.1
69.800    506.6
69.820    488.7
69.840    502.1
69.860    480.4
69.880    480.3
69.900    536.1
69.920    547.3
69.940    551.1
69.960    479.2
69.980    553.1
70.000    496.2
70.020    499.5
70.040    517.0
70.060    471.9
70.080    525.5
70.100    531.8
70.120    460.9
70.140    506.6
70.160    410.2
70.180    516.0
70.200    547.7
70.220    535.5
70.240    491.5
70.260    513.0
70.280    499.6
70.300    486.2
70.320    545.0
70.340    493.0
70.360    518.7
70.380    533.5
70.400    493.4
70.420    488.1
70.440    568.5
70.460    487.5
70.480    480.6
70.500    484.1
70.520    479.6
70.540    452.0
70.560    490.5
70.580    534.6
70.600    532.9
70.620    509.9
70.640    497.4
70.660    461.2
70.680    530.3
70.700    502.0
70.720    536.0
70.740    534.3
70.760    502.9
70.780    494.1
70.800    499.3
70.820    456.9
70.840    445.6
70.860    477.2
70.880    512.1
70.900    574.1
70.920    468.7
70.940    529.2
70.960    501.3
70.980    433.4
71.000    511.1
71.020    487.5
71.040    558.3
71.060    516.1
71.080    523.0
71.100    505.3
71.120    479.8
71.140    543.8
71.160    499.1
71.180    487.1
71.200    497.5
71.220    505.4
71.240    526.0
71.260    510.9
71.280    489.3
71.300    530.1
71.320    552.3
71.340    518.8
71.360    518.5
71.380    519.1
71.400    488.0
71.420    533.4
71.440    546.7
71.460    451.5
71.480    466.1
71.500    478.9
71.520    534.0
71.540    485.6
71.560    503.5
71.580    514.0
71.600    478.1
71.620    480.7
71.640    499.4
71.660    426.0
71.680    537.1
71.700    489.4
71.720    486.4
71.740    436.4
71.760    505.8
71.780    561.9
71.800    467.8
71.820    567.5
71.840    457.9
71.860    495.0
71.880    489.7
71.900    529.7
71.920    550.3
71.940    473.5
71.960    538.5
71.980    513.5
72.000    495.3
72.020    537.8
72.040    503.0
72.060    502.0
72.080    444.2
72.100    482.8
72.120    533.8
72.140    542.1
72.160    488.4
72.180    541.3
72.200    534.6
72.220    525.2
72.240    496.0
72.260    486.6
72.280    487.4
72.300    534.7
72.320    514.5
72.340    517.0
72.360    502.2
72.380    484.0
72.400    485.0
72.420    501.1
72.440    475.6
72.460    510.5
72.480    504.7
72.500    511.9
72.520    517.6
72.540    538.2
72.560    497.3
72.580    517.7
72.600    495.1
72.620    483.0
72.640    459.2
72.660    460.2
72.680    490.2
72.700    511.4
72.720    488.3
72.740    476.7
72.760    546.1
72.780    481.1
72.800    482.7
72.820    493.4
72.840    492.7
72.860    475.2
72.880    531.6
72.900    476.4
72.920    443.1
72.940    533.6
72.960    495.7
72.980    500.5
73.000    491.2
73.020    469.7
73.040    522.1
73.060    506.0
73.080    542.0
73.100    443.9
73.120    475.8
73.140    527.6
73.160    501.0
73.180    520.5
73.200    518.8
73.220    495.2
73.240    454.3
73.260    507.6
73.280    516.2
73.300    476.3
73.320    546.4
73.340    536.4
73.360    525.6
73.380    489.7
73.400    492.2
73.420    520.5
73.440    443.5
73.460    512.0
73.480    538.1
73.500    422.0
73.520    472.2
73.540    516.1
73.560    499.8
73.580    499.2
73.600    494.9
73.620    491.7
73.640    507.5
73.660    528.3
73.680    515.3
73.700    531.7
73.720    498.5
73.740    453.7
73.760    494.1
73.780    479.0
73.800    518.6
73.820    481.9
73.840    519.0
73.860    464.0
73.880    528.5
73.900    517.1
73.920    506.8
73.940    491.8
73.960    476.3
73.980    535.0
74.000    478.4
74.020    597.6
74.040    457.6
74.060    506.6
74.080    470.8
74.100    464.6
74.120    471.6
74.140    512.9
74.160    453.6
74.180    488.4
74.200    475.5
74.220    560.2
74.240    518.2
74.260    515.3
74.280    513.7
74.300    534.1
74.320    454.8
74.340    433.8
74.360    507.2
74.380    540.8
74.400    469.8
74.420    550.9
74.440    467.8
74.460    535.5
74.480    501.3
74.500    469.6
74.520    464.4
74.540    484.8
74.560    449.4
74.580    545.5
74.600    497.8
74.620    522.1
74.640    505.9
74.660    573.1
74.680    530.2
74.700    487.0
74.720    509.6
74.740    512.5
74.760    508.4
74.780    550.6
74.800    478.5
74.820    468.5
74.840    441.0
74.860    519.1
74.880    490.7
74.900    498.6
74.920    467.6
74.940    530.8
74.960    478.1
74.980    497.2
75.000    499.0
75.020    476.3
75.040    494.9
75.060    531.9
75.080    520.3
75.100    519.1
75.120    506.5
75.140    477.1
75.160    502.1
75.180    504.1
75.200    517.8
75.220    494.3
75.240    530.3
75.260    482.3
75.280    488.2
75.300    493.5
75.320    474.7
75.340    578.6
75.360    500.8
75.380    532.7
75.400    515.7
75.420    538.5
75.440    514.5
75.460    436.2
75.480    516.7
75.500    478.0
75.520    543.1
75.540    504.6
75.560    498.7
75.580    501.4
75.600    470.3
75.620    464.6
75.640    495.5
75.660    494.0
75.680    469.9
75.700    505.3
75.720    524.0
75.740    473.3
75.760    497.4
75.780    444.1
75.800    532.8
75.820    540.2
75.840    479.1
75.860    535.5
75.880    517.0
75.900    498.5
75.920    509.2
75.940    532.6
75.960    531.5
75.980    502.2
76.000    448.9
76.020    480.7
76.040    474.5
76.060    499.0
76.080    499.9
76.100    473.4
76.120    524.5
76.140    514.6
76.160    489.7
76.180    470.9
76.200    493.0
76.220    516.2
76.240    482.1
76.260    553.1
76.280    487.9
76.300    476.4
76.320    473.2
76.340    480.3
76.360    541.0
76.380    504.9
76.400    537.6
76.420    530.1
76.440    464.7
76.460    527.0
76.480    516.8
76.500    477.2
76.520    532.6
76.540    477.8
76.560    528.8
76.580    502.3
76.600    494.0
76.620    496.8
76.640    539.8
76.660    465.6
76.680    508.5
76.700    565.4
76.720    565.1
76.740    484.2
76.760    520.8
76.780    486.6
76.800    488.4
76.820    516.0
76.840    499.2
76.860    483.5
76.880    517.2
76.900    485.7
76.920    522.9
76.940    490.9
76.960    438.1
76.980    512.2
77.000    548.3
77.020    499.1
77.040    525.3
77.060    537.0
77.080    517.6
77.100    479.5
77.120    502.4
77.140    470.0
77.160    499.7
77.180    510.1
77.200    513.9
77.220    501.3
77.240    526.0
77.260    514.7
77.280    507.7
77.300    519.2
77.320    518.2
77.340    502.6
77.360    530.8
77.380    525.7
77.400    512.3
77.420    505.0
77.440    532.2
77.460    486.0
77.480    511.0
77.500    511.5
77.520    408.1
77.540    495.1
77.560    478.4
77.580    481.4
77.600    483.0
77.620    490.7
77.640    467.4
77.660    485.3
77.680    474.7
77.700    494.6
77.720    475.0
77.740    513.8
77.760    551.5
77.780    561.1
77.800    490.8
77.820    473.1
77.840    462.2
77.860    503.7
77.880    490.7
77.900    422.8
77.920    531.5
77.940    517.8
77.960    470.9
77.980    536.1
78.000    529.7
78.020    506.9
78.040    534.6
78.060    521.9
78.080    537.8
78.100    498.8
78.120    499.1
78.140    488.0
78.160    449.2
78.180    541.6
78.200    497.6
78.220    474.3
78.240    488.4
78.260    459.1
78.280    525.2
78.300    499.0
78.320    550.7
78.340    505.3
78.360    499.1
78.380    523.4
78.400    537.6
78.420    525.3
78.440    493.6
78.460    490.4
78.480    503.3
78.500    454.7
78.520    508.8
78.540    499.2
78.560    486.1
78.580    451.1
78.600    518.9
78.620    454.8
78.640    425.3
78.660    490.7
78.680    532.4
78.700    521.4
78.720    531.8
78.740    534.1
78.760    513.4
78.780    522.9
78.800    456.2
78.820    462.7
78.840    483.2
78.860    498.9
78.880    468.1
78.900    500.6
78.920    489.6
78.940    495.1
78.960    529.8
78.980    458.3
79.000    532.0
79.020    478.6
79.040    522.7
79.060    514.1
79.080    436.9
79.100    484.5
79.120    460.4
79.140    486.2
79.160    474.8
79.180    509.0
79.200    531.7
79.220    533.8
79.240    521.4
79.260    496.1
79.280    437.2
79.300    507.6
79.320    480.8
79.340    460.2
79.360    464.0
79.380    512.0
79.400    438.9
79.420    494.2
79.440    530.8
79.460    496.9
79.480    511.7
79.500    476.0
79.520    484.7
79.540    468.1
79.560    475.3
79.580    507.7
79.600    514.7
79.620    509.8
79.640    482.1
79.660    539.7
79.680    503.5
79.700    438.6
79.720    557.5
79.740    495.5
79.760    491.5
79.780    542.2
79.800    532.5
79.820    488.1
79.840    514.2
79.860    500.0
79.880    492.0
79.900    451.0
79.920    498.8
79.940    459.2
79.960    512.1
79.980    475.0
80.000    482.9
