# SYNTHETIC DATA – not measured – generated by make_demo_data.py
# Sample: Bare 8um
# Date: 2025-06-20
# 2Theta (deg)    Intensity (counts)
20.000    2090.7
20.020    2027.0
20.040    2092.5
20.060    2044.8
20.080    2120.6
20.100    2049.4
20.120    2082.3
20.140    2092.9
20.160    2055.4
20.180    2151.6
20.200    2086.8
20.220    2101.5
20.240    2131.0
20.260    2177.5
20.280    2138.0
20.300    2229.2
20.320    2175.8
20.340    2174.9
20.360    2204.0
20.380    2193.5
20.400    2172.6
20.420    2194.6
20.440    2222.8
20.460    2271.8
20.480    2239.0
20.500    2251.9
20.520    2177.0
20.540    2242.5
20.560    2256.1
20.580    2316.0
20.600    2317.2
20.620    2279.1
20.640    2297.5
20.660    2285.6
20.680    2271.7
20.700    2300.0
20.720    2294.0
20.740    2320.8
20.760    2337.2
20.780    2316.3
20.800    2361.3
20.820    2299.4
20.840    2339.1
20.860    2350.0
20.880    2294.1
20.900    2373.0
20.920    2380.9
20.940    2416.0
20.960    2367.9
20.980    2392.4
21.000    2398.5
21.020    2334.4
21.040    2397.1
21.060    2349.2
21.080    2405.6
21.100    2423.2
21.120    2413.8
21.140    2348.0
21.160    2457.7
21.180    2426.9
21.200    2451.7
21.220    2404.8
21.240    2417.4
21.260    2495.4
21.280    2430.4
21.300    2426.8
21.320    2431.9
21.340    2476.4
21.360    2402.2
21.380    2443.0
21.400    2428.8
21.420    2533.7
21.440    2493.8
21.460    2467.0
21.480    2473.6
21.500    2462.3
21.520    2458.3
21.540    2468.8
21.560    2529.3
21.580    2469.3
21.600    2472.1
21.620    2491.4
21.640    2528.5
21.660    2500.2
21.680    2455.4
21.700    2490.8
21.720    2491.0
21.740    2451.9
21.760    2470.6
21.780    2504.5
21.800    2482.2
21.820    2546.6
21.840    2507.5
21.860    2483.9
21.880    2496.1
21.900    2471.6
21.920    2479.5
21.940    2523.1
21.960    2498.1
21.980    2442.5
22.000    2459.9
22.020    2517.8
22.040    2465.9
22.060    2490.6
22.080    2532.7
22.100    2492.4
22.120    2490.3
22.140    2486.2
22.160    2529.6
22.180    2475.7
22.200    2458.8
22.220    2497.2
22.240    2542.8
22.260    2503.5
22.280    2537.9
22.300    2526.8
22.320    2454.8
22.340    2488.9
22.360    2482.2
22.380    2483.7
22.400    2518.6
22.420    2522.1
22.440    2499.9
22.460    2511.9
22.480    2455.2
22.500    2495.5
22.520    2436.7
22.540    2455.4
22.560    2425.7
22.580    2497.4
22.600    2444.8
22.620    2477.8
22.640    2412.5
22.660    2455.7
22.680    2470.2
22.700    2445.2
22.720    2444.8
22.740    2440.2
22.760    2430.3
22.780    2417.3
22.800    2399.1
22.820    2451.8
22.840    2417.1
22.860    2415.0
22.880    2418.6
22.900    2366.7
22.920    2359.1
22.940    2355.3
22.960    2445.0
22.980    2378.3
23.000    2403.5
23.020    2322.1
23.040    2360.6
23.060    2370.5
23.080    2345.3
23.100    2390.6
23.120    2341.9
23.140    2344.6
23.160    2375.7
23.180    2385.0
23.200    2341.2
23.220    2311.9
23.240    2311.4
23.260    2350.6
23.280    2276.0
23.300    2272.0
23.320    2267.6
23.340    2321.3
23.360    2297.0
23.380    2250.9
23.400    2249.1
23.420    2264.7
23.440    2242.8
23.460    2220.5
23.480    2220.3
23.500    2233.0
23.520    2213.9
23.540    2224.6
23.560    2207.9
23.580    2190.2
23.600    2218.4
23.620    2212.5
23.640    2131.8
23.660    2192.3
23.680    2163.1
23.700    2139.4
23.720    2185.5
23.740    2163.5
23.760    2165.6
23.780    2124.8
23.800    2188.0
23.820    2141.7
23.840    2100.6
23.860    2169.1
23.880    2078.6
23.900    2142.1
23.920    2079.6
23.940    2062.3
23.960    2051.0
23.980    2034.7
24.000    2029.5
24.020    2060.8
24.040    2039.1
24.060    1984.5
24.080    2032.2
24.100    1972.8
24.120    2025.3
24.140    1987.8
24.160    1987.0
24.180    2021.7
24.200    1915.7
24.220    2036.9
24.240    2054.9
24.260    1986.4
24.280    1962.4
24.300    1916.0
24.320    1961.7
24.340    1914.6
24.360    1903.2
24.380    1879.4
24.400    1937.8
24.420    1912.8
24.440    1834.9
24.460    1867.0
24.480    1821.9
24.500    1881.3
24.520    1817.2
24.540    1834.2
24.560    1845.0
24.580    1813.3
24.600    1773.1
24.620    1788.6
24.640    1752.8
24.660    1828.6
24.680    1804.9
24.700    1714.5
24.720    1724.2
24.740    1819.2
24.760    1762.3
24.780    1724.1
24.800    1753.4
24.820    1727.2
24.840    1732.1
24.860    1687.9
24.880    1740.7
24.900    1690.1
24.920    1637.7
24.940    1663.8
24.960    1646.8
24.980    1660.2
25.000    1648.2
25.020    1634.5
25.040    1596.7
25.060    1620.6
25.080    1587.9
25.100    1646.4
25.120    1553.4
25.140    1571.4
25.160    1555.9
25.180    1532.6
25.200    1566.9
25.220    1555.4
25.240    1543.6
25.260    1575.7
25.280    1503.7
25.300    1526.6
25.320    1507.2
25.340    1504.4
25.360    1448.7
25.380    1442.5
25.400    1496.6
25.420    1426.9
25.440    1488.4
25.460    1492.9
25.480    1421.0
25.500    1440.7
25.520    1427.8
25.540    1460.3
25.560    1471.0
25.580    1422.7
25.600    1416.7
25.620    1420.0
25.640    1345.2
25.660    1364.2
25.680    1385.2
25.700    1335.7
25.720    1393.4
25.740    1306.3
25.760    1321.2
25.780    1322.4
25.800    1331.8
25.820    1275.4
25.840    1284.0
25.860    1299.0
25.880    1283.0
25.900    1290.1
25.920    1239.8
25.940    1223.3
25.960    1162.5
25.980    1200.9
26.000    1217.9
26.020    1179.9
26.040    1205.0
26.060    1235.3
26.080    1187.7
26.100    1223.0
26.120    1210.6
26.140    1181.9
26.160    1196.0
26.180    1194.5
26.200    1118.8
26.220    1202.2
26.240    1093.0
26.260    1148.0
26.280    1114.6
26.300    1109.8
26.320    1126.1
26.340    1101.5
26.360    1100.8
26.380    1098.9
26.400    1066.8
26.420    1094.6
26.440    1048.4
26.460    1092.1
26.480    1033.3
26.500    1071.1
26.520    1042.1
26.540    1096.3
26.560    1016.9
26.580    1076.4
26.600    1022.9
26.620    980.1
26.640    1065.4
26.660    1047.3
26.680    1063.0
26.700    993.1
26.720    1028.0
26.740    1041.3
26.760    995.5
26.780    1071.5
26.800    973.1
26.820    1005.4
26.840    943.7
26.860    942.9
26.880    948.8
26.900    952.3
26.920    956.9
26.940    959.7
26.960    874.5
26.980    936.9
27.000    911.0
27.020    868.3
27.040    894.9
27.060    931.6
27.080    921.0
27.100    854.2
27.120    876.1
27.140    873.5
27.160    922.7
27.180    868.9
27.200    848.7
27.220    865.2
27.240    786.0
27.260    858.6
27.280    879.7
27.300    858.0
27.320    786.1
27.340    909.4
27.360    849.8
27.380    823.4
27.400    819.9
27.420    843.5
27.440    810.1
27.460    805.9
27.480    824.3
27.500    769.0
27.520    820.1
27.540    764.8
27.560    802.6
27.580    817.0
27.600    797.2
27.620    802.1
27.640    762.4
27.660    746.4
27.680    797.3
27.700    758.2
27.720    733.2
27.740    738.8
27.760    729.7
27.780    769.4
27.800    761.6
27.820    784.2
27.840    703.7
27.860    735.2
27.880    727.7
27.900    664.6
27.920    721.5
27.940    738.4
27.960    692.1
27.980    676.1
28.000    780.6
28.020    666.9
28.040    749.3
28.060    710.8
28.080    711.1
28.100    679.5
28.120    662.7
28.140    732.9
28.160    742.6
28.180    658.7
28.200    717.3
28.220    678.3
28.240    699.1
28.260    666.6
28.280    649.2
28.300    620.8
28.320    612.7
28.340    658.3
28.360    652.0
28.380    621.0
28.400    605.0
28.420    627.2
28.440    660.7
28.460    672.4
28.480    673.6
28.500    643.1
28.520    660.9
28.540    599.7
28.560    681.4
28.580    634.9
28.600    605.4
28.620    598.7
28.640    592.1
28.660    612.9
28.680    645.4
28.700    596.1
28.720    643.6
28.740    618.6
28.760    561.8
28.780    576.6
28.800    580.3
28.820    592.9
28.840    658.6
28.860    673.4
28.880    608.8
28.900    607.7
28.920    574.2
28.940    628.8
28.960    568.6
28.980    577.9
29.000    592.9
29.020    615.1
29.040    595.7
29.060    516.9
29.080    595.3
29.100    571.5
29.120    591.6
29.140    620.7
29.160    531.6
29.180    583.7
29.200    603.9
29.220    529.2
29.240    613.5
29.260    591.1
29.280    579.6
29.300    546.3
29.320    581.1
29.340    588.7
29.360    542.2
29.380    546.2
29.400    537.3
29.420    569.6
29.440    570.6
29.460    586.3
29.480    568.7
29.500    545.7
29.520    557.3
29.540    529.6
29.560    583.7
29.580    525.3
29.600    527.4
29.620    553.7
29.640    495.3
29.660    563.5
29.680    588.8
29.700    567.3
29.720    568.6
29.740    561.7
29.760    547.1
29.780    544.0
29.800    510.7
29.820    553.8
29.840    568.7
29.860    598.8
29.880    529.7
29.900    551.6
29.920    554.1
29.940    527.8
29.960    525.2
29.980    525.7
30.000    528.9
30.020    583.6
30.040    486.0
30.060    500.1
30.080    492.4
30.100    543.0
30.120    549.6
30.140    503.4
30.160    558.4
30.180    500.3
30.200    575.3
30.220    532.2
30.240    557.3
30.260    487.7
30.280    554.7
30.300    531.5
30.320    509.8
30.340    479.5
30.360    549.3
30.380    546.3
30.400    514.5
30.420    552.6
30.440    552.8
30.460    556.8
30.480    493.8
30.500    543.9
30.520    528.0
30.540    502.2
30.560    526.9
30.580    506.0
30.600    554.6
30.620    517.0
30.640    532.3
30.660    546.4
30.680    575.8
30.700    540.4
30.720    483.3
30.740    563.7
30.760    525.9
30.780    552.6
30.800    522.7
30.820    507.5
30.840    475.9
30.860    521.9
30.880    540.3
30.900    499.9
30.920    498.9
30.940    494.3
30.960    510.2
30.980    517.6
31.000    538.9
31.020    503.9
31.040    519.2
31.060    482.6
31.080    541.6
31.100    512.7
31.120    470.9
31.140    483.8
31.160    506.3
31.180    545.5
31.200    513.0
31.220    559.1
31.240    524.7
31.260    485.0
31.280    488.1
31.300    561.6
31.320    487.9
31.340    485.8
31.360    482.7
31.380    470.0
31.400    532.0
31.420    536.2
31.440    477.5
31.460    559.9
31.480    537.9
31.500    498.8
31.520    465.1
31.540    495.8
31.560    495.5
31.580    528.9
31.600    494.9
31.620    535.3
31.640    580.5
31.660    484.3
31.680    488.6
31.700    544.1
31.720    561.2
31.740    449.5
31.760    489.0
31.780    456.7
31.800    516.9
31.820    509.4
31.840    481.7
31.860    513.0
31.880    541.6
31.900    409.9
31.920    455.7
31.940    480.5
31.960    502.9
31.980    517.0
32.000    510.5
32.020    558.8
32.040    507.0
32.060    481.5
32.080    479.7
32.100    441.4
32.120    498.6
32.140    520.3
32.160    469.1
32.180    530.0
32.200    463.6
32.220    523.7
32.240    498.0
32.260    555.6
32.280    512.9
32.300    510.9
32.320    492.0
32.340    469.4
32.360    484.8
32.380    473.5
32.400    457.2
32.420    540.8
32.440    534.9
32.460    519.7
32.480    521.0
32.500    461.3
32.520    420.0
32.540    519.8
32.560    518.9
32.580    520.4
32.600    529.4
32.620    524.7
32.640    483.1
32.660    523.9
32.680    522.0
32.700    552.0
32.720    524.3
32.740    511.1
32.760    510.3
32.780    479.0
32.800    493.5
32.820    531.0
32.840    445.7
32.860    475.8
32.880    526.8
32.900    482.8
32.920    453.1
32.940    516.9
32.960    521.8
32.980    515.3
33.000    511.7
33.020    460.4
33.040    583.9
33.060    479.7
33.080    482.0
33.100    524.0
33.120    522.8
33.140    506.4
33.160    511.8
33.180    525.2
33.200    517.1
33.220    480.5
33.240    509.6
33.260    516.5
33.280    516.3
33.300    504.4
33.320    474.9
33.340    520.0
33.360    526.6
33.380    516.9
33.400    455.5
33.420    516.1
33.440    552.0
33.460    519.9
33.480    490.9
33.500    514.1
33.520    502.1
33.540    494.7
33.560    521.0
33.580    513.7
33.600    482.7
33.620    559.3
33.640    535.0
33.660    453.7
33.680    500.3
33.700    502.8
33.720    426.5
33.740    466.9
33.760    537.0
33.780    503.5
33.800    518.0
33.820    510.8
33.840    505.7
33.860    489.5
33.880    465.4
33.900    451.4
33.920    479.8
33.940    529.8
33.960    533.9
33.980    544.2
34.000    499.7
34.020    478.7
34.040    548.5
34.060    535.7
34.080    519.8
34.100    518.0
34.120    490.5
34.140    541.3
34.160    450.1
34.180    492.4
34.200    522.5
34.220    505.3
34.240    552.6
34.260    517.1
34.280    483.4
34.300    480.1
34.320    438.8
34.340    541.8
34.360    509.0
34.380    524.9
34.400    469.0
34.420    473.9
34.440    521.5
34.460    489.1
34.480    503.2
34.500    551.2
34.520    517.9
34.540    517.8
34.560    513.6
34.580    491.6
34.600    528.8
34.620    512.9
34.640    579.5
34.660    528.0
34.680    457.7
34.700    497.7
34.720    480.8
34.740    551.9
34.760    504.0
34.780    469.8
34.800    496.8
34.820    539.1
34.840    531.7
34.860    512.0
34.880    512.0
34.900    468.5
34.920    494.7
34.940    501.1
34.960    480.2
34.980    511.3
35.000    471.7
35.020    534.5
35.040    483.2
35.060    474.9
35.080    469.1
35.100    492.4
35.120    513.5
35.140    510.3
35.160    479.6
35.180    506.3
35.200    468.4
35.220    497.4
35.240    515.9
35.260    504.0
35.280    482.6
35.300    474.5
35.320    506.7
35.340    496.8
35.360    443.1
35.380    468.1
35.400    489.2
35.420    502.0
35.440    494.2
35.460    538.0
35.480    463.4
35.500    539.3
35.520    485.8
35.540    507.7
35.560    487.1
35.580    505.2
35.600    455.2
35.620    542.4
35.640    484.4
35.660    496.8
35.680    432.5
35.700    498.2
35.720    481.8
35.740    523.9
35.760    512.3
35.780    487.1
35.800    459.5
35.820    542.6
35.840    492.0
35.860    532.7
35.880    532.7
35.900    546.6
35.920    463.9
35.940    468.5
35.960    490.8
35.980    481.9
36.000    524.3
36.020    512.9
36.040    523.2
36.060    509.7
36.080    517.4
36.100    519.2
36.120    508.7
36.140    489.1
36.160    541.4
36.180    495.0
36.200    457.5
36.220    448.3
36.240    520.6
36.260    494.5
36.280    491.8
36.300    465.2
36.320    511.6
36.340    534.6
36.360    515.2
36.380    473.7
36.400    500.6
36.420    509.5
36.440    476.4
36.460    469.2
36.480    469.6
36.500    558.7
36.520    545.9
36.540    501.3
36.560    509.1
36.580    538.1
36.600    536.4
36.620    526.0
36.640    478.3
36.660    476.6
36.680    502.5
36.700    527.3
36.720    522.8
36.740    500.7
36.760    481.6
36.780    551.6
36.800    477.7
36.820    507.5
36.840    510.0
36.860    518.5
36.880    546.0
36.900    446.3
36.920    421.4
36.940    517.1
36.960    533.9
36.980    530.2
37.000    524.3
37.020    501.6
37.040    496.9
37.060    561.1
37.080    480.5
37.100    535.2
37.120    495.5
37.140    501.5
37.160    471.5
37.180    491.1
37.200    477.6
37.220    449.0
37.240    465.4
37.260    440.2
37.280    520.2
37.300    463.2
37.320    480.0
37.340    541.9
37.360    512.3
37.380    479.7
37.400    521.1
37.420    501.4
37.440    511.0
37.460    466.6
37.480    518.0
37.500    499.5
37.520    480.2
37.540    464.0
37.560    483.8
37.580    466.5
37.600    495.7
37.620    496.3
37.640    468.6
37.660    530.9
37.680    518.4
37.700    453.4
37.720    539.0
37.740    473.8
37.760    451.6
37.780    497.5
37.800    531.1
37.820    542.6
37.840    482.6
37.860    508.9
37.880    506.6
37.900    543.1
37.920    530.3
37.940    518.8
37.960    515.7
37.980    512.9
38.000    512.3
38.020    499.0
38.040    485.2
38.060    546.0
38.080    508.0
38.100    510.5
38.120    495.8
38.140    514.8
38.160    486.4
38.180    514.9
38.200    497.1
38.220    539.6
38.240    447.4
38.260    543.8
38.280    510.2
38.300    472.8
38.320    519.9
38.340    493.0
38.360    513.9
38.380    496.0
38.400    507.0
38.420    501.3
38.440    492.1
38.460    485.5
38.480    521.7
38.500    525.9
38.520    526.5
38.540    492.7
38.560    506.3
38.580    511.0
38.600    510.6
38.620    504.0
38.640    519.6
38.660    490.3
38.680    520.4
38.700    473.0
38.720    496.5
38.740    490.5
38.760    490.9
38.780    531.6
38.800    463.6
38.820    493.8
38.840    498.0
38.860    516.9
38.880    473.3
38.900    466.7
38.920    481.6
38.940    498.2
38.960    510.3
38.980    548.8
39.000    550.6
39.020    524.5
39.040    510.6
39.060    527.9
39.080    517.1
39.100    498.3
39.120    493.2
39.140    555.8
39.160    518.5
39.180    483.1
39.200    537.5
39.220    478.9
39.240    494.1
39.260    510.1
39.280    500.7
39.300    494.6
39.320    487.2
39.340    482.9
39.360    470.2
39.380    511.6
39.400    536.2
39.420    478.7
39.440    520.6
39.460    526.4
39.480    469.1
39.500    531.8
39.520    528.5
39.540    503.0
39.560    485.0
39.580    522.2
39.600    515.8
39.620    484.8
39.640    434.3
39.660    539.9
39.680    425.5
39.700    500.7
39.720    428.4
39.740    488.8
39.760    485.0
39.780    501.6
39.800    512.0
39.820    518.4
39.840    471.5
39.860    524.7
39.880    518.3
39.900    474.8
39.920    511.9
39.940    477.6
39.960    505.6
39.980    465.3
40.000    507.4
40.020    539.4
40.040    486.6
40.060    507.4
40.080    555.7
40.100    578.6
40.120    468.5
40.140    489.7
40.160    435.7
40.180    455.7
40.200    553.3
40.220    490.4
40.240    488.8
40.260    489.9
40.280    533.6
40.300    463.3
40.320    478.5
40.340    493.5
40.360    480.2
40.380    508.9
40.400    546.3
40.420    485.0
40.440    505.7
40.460    544.2
40.480    503.8
40.500    470.1
40.520    521.3
40.540    523.9
40.560    549.2
40.580    499.4
40.600    533.5
40.620    538.1
40.640    442.6
40.660    496.5
40.680    556.4
40.700    475.4
40.720    539.4
40.740    493.3
40.760    456.9
40.780    425.8
40.800    478.1
40.820    459.0
40.840    551.5
40.860    430.6
40.880    526.9
40.900    490.7
40.920    528.2
40.940    454.7
40.960    506.3
40.980    470.5
41.000    519.9
41.020    542.0
41.040    514.3
41.060    499.3
41.080    523.7
41.100    516.8
41.120    478.5
41.140    433.8
41.160    484.7
41.180    431.5
41.200    472.5
41.220    572.7
41.240    544.6
41.260    481.2
41.280    509.0
41.300    547.2
41.320    496.9
41.340    444.1
41.360    447.5
41.380    540.2
41.400    541.5
41.420    537.5
41.440    515.4
41.460    509.2
41.480    509.5
41.500    490.5
41.520    510.3
41.540    515.7
41.560    469.7
41.580    561.6
41.600    519.6
41.620    529.7
41.640    480.1
41.660    501.9
41.680    490.7
41.700    468.0
41.720    482.7
41.740    570.8
41.760    513.0
41.780    524.1
41.800    508.2
41.820    507.6
41.840    481.9
41.860    518.0
41.880    479.1
41.900    515.8
41.920    462.7
41.940    480.3
41.960    491.8
41.980    517.5
42.000    469.8
42.020    508.2
42.040    515.3
42.060    525.7
42.080    506.9
42.100    508.0
42.120    500.1
42.140    466.1
42.160    515.6
42.180    487.1
42.200    507.0
42.220    548.6
42.240    525.4
42.260    510.0
42.280    495.2
42.300    485.1
42.320    465.1
42.340    509.1
42.360    574.6
42.380    665.3
42.400    1117.2
42.420    2708.2
42.440    6390.6
42.460    13353.5
42.480    22972.7
42.500    31840.5
42.520    35550.9
42.540    31789.5
42.560    22954.1
42.580    13385.5
42.600    6415.2
42.620    2678.2
42.640    1088.6
42.660    653.9
42.680    502.0
42.700    510.4
42.720    474.3
42.740    526.1
42.760    510.3
42.780    498.4
42.800    502.4
42.820    481.7
42.840    533.9
42.860    515.2
42.880    503.9
42.900    500.3
42.920    500.2
42.940    505.9
42.960    488.5
42.980    460.5
43.000    441.8
43.020    457.7
43.040    527.5
43.060    477.5
43.080    518.5
43.100    542.9
43.120    507.2
43.140    494.7
43.160    499.0
43.180    530.0
43.200    479.9
43.220    520.3
43.240    564.9
43.260    524.7
43.280    520.4
43.300    515.7
43.320    497.7
43.340    463.8
43.360    527.3
43.380    529.1
43.400    459.6
43.420    507.2
43.440    541.8
43.460    530.0
43.480    526.3
43.500    482.1
43.520    477.6
43.540    506.1
43.560    539.6
43.580    488.5
43.600    558.2
43.620    472.5
43.640    488.5
43.660    540.2
43.680    462.5
43.700    525.3
43.720    521.6
43.740    521.2
43.760    504.8
43.780    499.7
43.800    467.2
43.820    496.5
43.840    488.1
43.860    459.5
43.880    465.8
43.900    524.7
43.920    489.0
43.940    478.7
43.960    499.2
43.980    449.0
44.000    519.9
44.020    529.1
44.040    560.9
44.060    496.5
44.080    530.4
44.100    486.5
44.120    480.9
44.140    484.7
44.160    507.6
44.180    488.5
44.200    505.6
44.220    478.0
44.240    471.9
44.260    523.7
44.280    462.6
44.300    489.8
44.320    538.2
44.340    505.5
44.360    508.7
44.380    487.3
44.400    476.3
44.420    526.2
44.440    493.4
44.460    499.6
44.480    517.0
44.500    471.6
44.520    499.9
44.540    396.4
44.560    539.2
44.580    528.1
44.600    452.6
44.620    504.8
44.640    499.7
44.660    454.1
44.680    483.5
44.700    471.2
44.720    470.9
44.740    481.9
44.760    508.1
44.780    470.8
44.800    475.2
44.820    471.2
44.840    447.5
44.860    494.8
44.880    545.1
44.900    523.8
44.920    458.0
44.940    503.5
44.960    470.5
44.980    527.1
45.000    453.5
45.020    569.7
45.040    542.7
45.060    724.0
45.080    955.2
45.100    1235.9
45.120    1681.4
45.140    2049.0
45.160    2425.2
45.180    2483.0
45.200    2377.0
45.220    2073.6
45.240    1711.3
45.260    1215.0
45.280    894.8
45.300    748.7
45.320    597.9
45.340    516.2
45.360    507.3
45.380    531.0
45.400    479.0
45.420    475.2
45.440    515.0
45.460    520.2
45.480    484.9
45.500    497.3
45.520    537.8
45.540    465.5
45.560    472.6
45.580    543.7
45.600    529.3
45.620    554.2
45.640    514.9
45.660    509.5
45.680    519.8
45.700    459.0
45.720    473.0
45.740    521.9
45.760    523.0
45.780    529.3
45.800    522.8
45.820    509.3
45.840    470.9
45.860    519.3
45.880    512.0
45.900    457.6
45.920    527.2
45.940    512.3
45.960    523.0
45.980    477.5
46.000    488.2
46.020    588.0
46.040    489.3
46.060    495.3
46.080    530.0
46.100    438.7
46.120    508.4
46.140    521.9
46.160    528.8
46.180    522.4
46.200    458.6
46.220    510.2
46.240    518.1
46.260    434.8
46.280    516.6
46.300    489.6
46.320    508.5
46.340    505.9
46.360    499.8
46.380    519.1
46.400    514.8
46.420    532.9
46.440    515.9
46.460    479.4
46.480    551.8
46.500    509.3
46.520    457.6
46.540    519.2
46.560    513.8
46.580    529.2
46.600    544.6
46.620    510.8
46.640    480.5
46.660    533.2
46.680    489.0
46.700    498.3
46.720    520.0
46.740    488.9
46.760    487.7
46.780    545.0
46.800    506.8
46.820    517.5
46.840    495.6
46.860    500.6
46.880    486.9
46.900    508.2
46.920    498.3
46.940    499.6
46.960    486.0
46.980    578.9
47.000    533.9
47.020    481.1
47.040    459.6
47.060    526.3
47.080    505.5
47.100    520.9
47.120    825.3
47.140    2520.1
47.160    11352.0
47.180    46289.9
47.200    155909.5
47.220    422986.0
47.240    920250.2
47.260    1603436.3
47.280    2237589.2
47.300    2500508.6
47.320    2237573.9
47.340    1603413.9
47.360    920177.6
47.380    423042.0
47.400    155942.4
47.420    46264.5
47.440    11290.4
47.460    2585.8
47.480    840.7
47.500    527.5
47.520    512.8
47.540    499.4
47.560    515.3
47.580    564.1
47.600    486.8
47.620    516.4
47.640    505.5
47.660    511.4
47.680    500.6
47.700    475.0
47.720    483.0
47.740    439.5
47.760    468.3
47.780    489.4
47.800    525.0
47.820    526.4
47.840    500.6
47.860    482.9
47.880    467.1
47.900    453.7
47.920    504.1
47.940    519.2
47.960    499.4
47.980    469.7
48.000    470.6
48.020    547.5
48.040    513.0
48.060    489.0
48.080    529.6
48.100    505.6
48.120    453.7
48.140    509.1
48.160    509.3
48.180    539.8
48.200    479.0
48.220    523.4
48.240    522.3
48.260    511.5
48.280    502.1
48.300    502.2
48.320    497.4
48.340    505.7
48.360    521.5
48.380    498.4
48.400    481.4
48.420    489.3
48.440    491.4
48.460    492.2
48.480    501.1
48.500    455.8
48.520    510.7
48.540    558.8
48.560    526.8
48.580    483.6
48.600    456.6
48.620    493.5
48.640    491.8
48.660    501.2
48.680    472.6
48.700    473.0
48.720    518.3
48.740    491.2
48.760    531.6
48.780    467.8
48.800    449.5
48.820    513.5
48.840    471.2
48.860    476.5
48.880    520.7
48.900    487.5
48.920    521.8
48.940    480.7
48.960    502.6
48.980    512.4
49.000    527.9
49.020    521.1
49.040    488.2
49.060    489.7
49.080    526.4
49.100    530.1
49.120    528.4
49.140    458.2
49.160    453.9
49.180    502.5
49.200    468.6
49.220    486.3
49.240    501.9
49.260    491.0
49.280    504.1
49.300    547.8
49.320    467.1
49.340    502.8
49.360    479.0
49.380    488.4
49.400    466.6
49.420    511.8
49.440    489.2
49.460    548.2
49.480    528.5
49.500    455.1
49.520    517.6
49.540    491.8
49.560    491.5
49.580    533.6
49.600    565.3
49.620    465.6
49.640    470.6
49.660    474.8
49.680    515.2
49.700    481.3
49.720    525.4
49.740    429.0
49.760    470.3
49.780    524.4
49.800    534.8
49.820    464.4
49.840    458.2
49.860    485.9
49.880    485.6
49.900    485.7
49.920    477.0
49.940    575.9
49.960    528.4
49.980    476.6
50.000    479.4
50.020    500.0
50.040    515.0
50.060    549.3
50.080    537.3
50.100    508.7
50.120    486.4
50.140    531.8
50.160    526.5
50.180    472.0
50.200    450.4
50.220    492.4
50.240    508.8
50.260    494.4
50.280    482.9
50.300    471.0
50.320    544.4
50.340    494.9
50.360    469.6
50.380    467.5
50.400    511.0
50.420    466.7
50.440    542.0
50.460    453.8
50.480    471.0
50.500    448.5
50.520    513.1
50.540    451.5
50.560    452.8
50.580    513.6
50.600    528.0
50.620    477.9
50.640    538.0
50.660    524.4
50.680    440.1
50.700    517.2
50.720    543.6
50.740    502.9
50.760    472.1
50.780    491.2
50.800    475.0
50.820    507.5
50.840    532.8
50.860    509.7
50.880    511.9
50.900    561.0
50.920    504.9
50.940    541.9
50.960    469.4
50.980    483.8
51.000    526.3
51.020    542.6
51.040    536.2
51.060    530.7
51.080    511.5
51.100    526.7
51.120    534.9
51.140    499.6
51.160    446.3
51.180    476.1
51.200    562.4
51.220    500.9
51.240    493.8
51.260    478.7
51.280    507.5
51.300    484.4
51.320    530.4
51.340    515.8
51.360    443.9
51.380    479.7
51.400    497.1
51.420    482.3
51.440    494.1
51.460    510.2
51.480    488.6
51.500    466.9
51.520    504.6
51.540    487.0
51.560    477.4
51.580    478.9
51.600    552.6
51.620    502.6
51.640    473.5
51.660    487.4
51.680    477.3
51.700    480.2
51.720    481.6
51.740    516.6
51.760    493.9
51.780    477.2
51.800    531.3
51.820    505.4
51.840    498.8
51.860    503.3
51.880    493.7
51.900    518.3
51.920    476.2
51.940    474.2
51.960    507.6
51.980    460.3
52.000    468.5
52.020    505.3
52.040    558.4
52.060    496.9
52.080    510.6
52.100    464.4
52.120    483.6
52.140    559.7
52.160    503.3
52.180    505.8
52.200    477.8
52.220    525.5
52.240    513.7
52.260    523.9
52.280    525.3
52.300    487.5
52.320    477.9
52.340    496.5
52.360    500.9
52.380    516.6
52.400    495.1
52.420    451.5
52.440    548.6
52.460    521.4
52.480    462.0
52.500    551.8
52.520    462.8
52.540    447.0
52.560    460.9
52.580    539.3
52.600    504.0
52.620    484.2
52.640    492.7
52.660    529.7
52.680    480.7
52.700    511.2
52.720    500.2
52.740    499.9
52.760    523.4
52.780    500.8
52.800    515.7
52.820    499.5
52.840    461.1
52.860    483.3
52.880    512.4
52.900    575.1
52.920    488.0
52.940    532.0
52.960    479.5
52.980    516.6
53.000    533.9
53.020    506.2
53.040    506.7
53.060    490.2
53.080    511.5
53.100    512.9
53.120    528.0
53.140    501.1
53.160    489.5
53.180    494.8
53.200    498.9
53.220    517.7
53.240    533.7
53.260    473.9
53.280    530.7
53.300    508.4
53.320    476.1
53.340    486.0
53.360    467.5
53.380    463.6
53.400    490.1
53.420    508.2
53.440    492.9
53.460    517.9
53.480    515.7
53.500    515.2
53.520    513.5
53.540    511.3
53.560    445.2
53.580    507.6
53.600    446.1
53.620    531.3
53.640    478.5
53.660    485.2
53.680    473.3
53.700    515.9
53.720    472.0
53.740    491.4
53.760    472.9
53.780    501.3
53.800    467.8
53.820    508.1
53.840    493.4
53.860    474.5
53.880    493.0
53.900    479.4
53.920    465.1
53.940    483.7
53.960    426.4
53.980    490.7
54.000    506.8
54.020    471.0
54.040    501.0
54.060    517.6
54.080    465.8
54.100    540.2
54.120    476.0
54.140    513.2
54.160    499.9
54.180    527.5
54.200    484.4
54.220    495.5
54.240    522.8
54.260    536.7
54.280    508.9
54.300    522.7
54.320    457.8
54.340    469.5
54.360    493.4
54.380    506.0
54.400    511.7
54.420    534.8
54.440    499.0
54.460    515.0
54.480    512.7
54.500    476.3
54.520    445.2
54.540    493.4
54.560    490.3
54.580    533.5
54.600    508.5
54.620    519.7
54.640    488.2
54.660    484.3
54.680    512.5
54.700    537.7
54.720    462.1
54.740    491.8
54.760    460.5
54.780    469.3
54.800    516.6
54.820    508.0
54.840    483.6
54.860    497.3
54.880    535.1
54.900    472.3
54.920    522.8
54.940    498.0
54.960    432.1
54.980    521.1
55.000    550.7
55.020    483.6
55.040    488.4
55.060    475.9
55.080    501.6
55.100    501.4
55.120    532.3
55.140    516.3
55.160    500.2
55.180    491.2
55.200    529.1
55.220    490.2
55.240    491.8
55.260    519.8
55.280    524.7
55.300    482.9
55.320    486.8
55.340    566.3
55.360    457.3
55.380    508.9
55.400    489.6
55.420    551.3
55.440    488.0
55.460    485.5
55.480    499.9
55.500    479.9
55.520    531.6
55.540    526.6
55.560    516.4
55.580    522.1
55.600    482.6
55.620    489.2
55.640    522.7
55.660    488.6
55.680    491.1
55.700    464.9
55.720    488.4
55.740    489.5
55.760    500.9
55.780    504.5
55.800    484.2
55.820    519.4
55.840    502.2
55.860    511.3
55.880    501.1
55.900    483.7
55.920    505.5
55.940    493.9
55.960    488.0
55.980    480.8
56.000    425.6
56.020    540.9
56.040    513.0
56.060    539.0
56.080    497.4
56.100    518.2
56.120    487.8
56.140    453.8
56.160    535.9
56.180    519.0
56.200    545.9
56.220    519.1
56.240    545.3
56.260    438.8
56.280    549.3
56.300    495.2
56.320    519.9
56.340    472.7
56.360    471.6
56.380    552.4
56.400    448.5
56.420    519.4
56.440    514.7
56.460    516.3
56.480    474.6
56.500    512.8
56.520    475.5
56.540    478.8
56.560    487.5
56.580    531.9
56.600    497.7
56.620    499.4
56.640    519.7
56.660    526.2
56.680    478.2
56.700    548.2
56.720    511.4
56.740    502.8
56.760    451.1
56.780    490.9
56.800    505.8
56.820    519.2
56.840    508.5
56.860    491.4
56.880    495.6
56.900    466.9
56.920    473.4
56.940    523.2
56.960    491.9
56.980    516.2
57.000    515.9
57.020    545.0
57.040    478.7
57.060    499.0
57.080    444.1
57.100    481.5
57.120    490.1
57.140    546.7
57.160    505.7
57.180    477.2
57.200    547.6
57.220    565.4
57.240    527.7
57.260    509.4
57.280    549.7
57.300    465.6
57.320    510.8
57.340    464.7
57.360    546.6
57.380    526.5
57.400    532.3
57.420    541.3
57.440    494.6
57.460    470.9
57.480    477.2
57.500    529.3
57.520    527.3
57.540    430.0
57.560    562.4
57.580    536.5
57.600    535.9
57.620    523.2
57.640    513.5
57.660    508.6
57.680    503.6
57.700    496.4
57.720    463.8
57.740    504.5
57.760    521.9
57.780    486.7
57.800    504.7
57.820    509.4
57.840    497.5
57.860    484.0
57.880    499.5
57.900    491.3
57.920    454.0
57.940    534.5
57.960    582.6
57.980    506.2
58.000    524.1
58.020    464.2
58.040    492.6
58.060    497.0
58.080    523.6
58.100    482.9
58.120    513.4
58.140    489.0
58.160    522.9
58.180    485.2
58.200    475.9
58.220    483.8
58.240    474.6
58.260    489.7
58.280    472.2
58.300    492.3
58.320    486.5
58.340    490.0
58.360    480.2
58.380    491.7
58.400    530.7
58.420    521.7
58.440    499.7
58.460    533.6
58.480    513.0
58.500    455.9
58.520    471.4
58.540    457.7
58.560    458.8
58.580    536.8
58.600    485.0
58.620    478.4
58.640    538.5
58.660    466.4
58.680    480.6
58.700    517.4
58.720    505.8
58.740    512.2
58.760    528.6
58.780    460.4
58.800    465.3
58.820    525.6
58.840    507.2
58.860    499.2
58.880    497.2
58.900    511.1
58.920    523.9
58.940    464.8
58.960    509.4
58.980    561.8
59.000    487.2
59.020    517.7
59.040    563.9
59.060    487.4
59.080    493.5
59.100    448.1
59.120    485.7
59.140    476.8
59.160    519.2
59.180    539.2
59.200    504.6
59.220    511.0
59.240    474.3
59.260    560.7
59.280    520.5
59.300    524.1
59.320    573.8
59.340    499.8
59.360    499.9
59.380    489.2
59.400    449.5
59.420    544.2
59.440    493.3
59.460    468.3
59.480    469.6
59.500    515.7
59.520    540.6
59.540    506.5
59.560    470.5
59.580    468.8
59.600    520.2
59.620    541.0
59.640    501.8
59.660    434.6
59.680    520.6
59.700    467.0
59.720    511.4
59.740    512.9
59.760    517.2
59.780    471.6
59.800    474.7
59.820    506.5
59.840    522.5
59.860    495.5
59.880    479.6
59.900    459.6
59.920    432.9
59.940    496.8
59.960    472.8
59.980    421.7
60.000    535.8
60.020    528.0
60.040    534.6
60.060    484.1
60.080    507.3
60.100    455.5
60.120    495.9
60.140    496.8
60.160    518.4
60.180    461.2
60.200    519.4
60.220    533.1
60.240    528.2
60.260    519.7
60.280    532.7
60.300    515.3
60.320    480.3
60.340    454.8
60.360    450.2
60.380    487.0
60.400    465.2
60.420    487.2
60.440    493.5
60.460    464.6
60.480    523.4
60.500    448.4
60.520    462.8
60.540    502.6
60.560    489.5
60.580    448.0
60.600    503.1
60.620    454.0
60.640    512.4
60.660    464.5
60.680    456.2
60.700    475.4
60.720    500.3
60.740    508.1
60.760    468.1
60.780    476.9
60.800    491.8
60.820    501.8
60.840    471.5
60.860    508.1
60.880    494.3
60.900    466.2
60.920    505.3
60.940    487.1
60.960    555.3
60.980    532.3
61.000    521.8
61.020    505.1
61.040    516.9
61.060    518.2
61.080    463.5
61.100    524.9
61.120    461.6
61.140    466.6
61.160    473.5
61.180    501.1
61.200    513.9
61.220    527.3
61.240    460.5
61.260    485.8
61.280    474.7
61.300    509.3
61.320    489.6
61.340    588.4
61.360    538.5
61.380    506.8
61.400    443.7
61.420    500.3
61.440    479.6
61.460    506.7
61.480    485.1
61.500    489.1
61.520    432.7
61.540    479.3
61.560    531.3
61.580    495.4
61.600    512.0
61.620    501.9
61.640    478.1
61.660    539.8
61.680    458.7
61.700    531.3
61.720    495.5
61.740    495.3
61.760    465.5
61.780    537.3
61.800    484.0
61.820    491.6
61.840    504.2
61.860    547.2
61.880    486.0
61.900    439.5
61.920    441.0
61.940    460.3
61.960    489.4
61.980    470.5
62.000    465.5
62.020    526.7
62.040    560.1
62.060    521.8
62.080    510.7
62.100    477.5
62.120    506.7
62.140    516.8
62.160    495.3
62.180    502.4
62.200    475.1
62.220    524.0
62.240    467.9
62.260    549.9
62.280    503.6
62.300    476.2
62.320    520.3
62.340    485.8
62.360    478.2
62.380    523.9
62.400    533.0
62.420    450.7
62.440    490.5
62.460    561.7
62.480    482.7
62.500    479.2
62.520    469.7
62.540    415.8
62.560    508.1
62.580    488.0
62.600    506.4
62.620    545.9
62.640    526.6
62.660    523.0
62.680    443.6
62.700    422.5
62.720    523.6
62.740    505.6
62.760    519.8
62.780    513.9
62.800    526.0
62.820    538.4
62.840    538.3
62.860    489.2
62.880    530.4
62.900    466.3
62.920    497.9
62.940    460.6
62.960    525.1
62.980    502.2
63.000    484.3
63.020    478.9
63.040    501.5
63.060    544.3
63.080    546.5
63.100    440.6
63.120    502.9
63.140    532.1
63.160    529.0
63.180    523.5
63.200    460.6
63.220    491.0
63.240    543.9
63.260    493.3
63.280    478.0
63.300    465.2
63.320    527.7
63.340    553.5
63.360    529.5
63.380    491.8
63.400    547.0
63.420    490.2
63.440    496.1
63.460    539.7
63.480    535.8
63.500    532.7
63.520    530.1
63.540    496.1
63.560    509.3
63.580    509.2
63.600    485.4
63.620    490.3
63.640    530.4
63.660    507.8
63.680    473.1
63.700    484.4
63.720    471.9
63.740    461.3
63.760    515.6
63.780    514.0
63.800    499.2
63.820    453.8
63.840    486.8
63.860    444.7
63.880    502.0
63.900    489.7
63.920    502.6
63.940    463.4
63.960    551.1
63.980    523.7
64.000    544.0
64.020    482.5
64.040    489.4
64.060    543.3
64.080    530.5
64.100    487.8
64.120    488.5
64.140    472.0
64.160    509.1
64.180    466.6
64.200    528.6
64.220    503.6
64.240    506.6
64.260    484.3
64.280    534.2
64.300    531.1
64.320    486.3
64.340    461.8
64.360    546.2
64.380    449.4
64.400    516.8
64.420    439.8
64.440    566.4
64.460    520.5
64.480    470.2
64.500    489.8
64.520    514.5
64.540    419.5
64.560    439.6
64.580    509.9
64.600    490.4
64.620    507.4
64.640    499.6
64.660    490.6
64.680    524.8
64.700    532.3
64.720    477.1
64.740    526.1
64.760    488.4
64.780    477.9
64.800    506.5
64.820    470.6
64.840    502.5
64.860    456.8
64.880    514.1
64.900    504.7
64.920    520.5
64.940    498.6
64.960    465.0
64.980    500.9
65.000    527.1
65.020    508.6
65.040    537.6
65.060    462.9
65.080    485.6
65.100    507.9
65.120    493.4
65.140    528.5
65.160    475.0
65.180    490.8
65.200    463.3
65.220    504.1
65.240    497.2
65.260    453.6
65.280    493.8
65.300    531.4
65.320    508.3
65.340    504.4
65.360    564.2
65.380    466.2
65.400    497.3
65.420    453.0
65.440    496.3
65.460    452.0
65.480    500.9
65.500    539.0
65.520    506.1
65.540    520.8
65.560    463.2
65.580    467.3
65.600    490.0
65.620    489.1
65.640    583.6
65.660    482.3
65.680    483.0
65.700    481.5
65.720    480.5
65.740    507.0
65.760    479.9
65.780    474.8
65.800    495.8
65.820    522.8
65.840    465.4
65.860    496.2
65.880    519.3
65.900    572.9
65.920    483.8
65.940    510.1
65.960    523.4
65.980    522.8
66.000    535.8
66.020    478.6
66.040    442.7
66.060    505.6
66.080    511.0
66.100    470.7
66.120    508.3
66.140    468.4
66.160    484.5
66.180    456.6
66.200    470.7
66.220    509.8
66.240    490.4
66.260    511.0
66.280    505.3
66.300    518.7
66.320    471.6
66.340    488.1
66.360    525.5
66.380    521.5
66.400    470.3
66.420    440.1
66.440    507.8
66.460    504.9
66.480    503.4
66.500    442.8
66.520    494.0
66.540    520.0
66.560    493.9
66.580    480.3
66.600    509.1
66.620    462.0
66.640    553.1
66.660    507.2
66.680    457.6
66.700    577.1
66.720    510.0
66.740    468.2
66.760    505.8
66.780    490.5
66.800    500.5
66.820    498.3
66.840    479.5
66.860    514.8
66.880    488.3
66.900    497.0
66.920    458.2
66.940    510.2
66.960    479.9
66.980    498.0
67.000    521.8
67.020    492.0
67.040    505.2
67.060    501.4
67.080    502.6
67.100    486.5
67.120    536.5
67.140    487.9
67.160    487.1
67.180    483.1
67.200    499.2
67.220    539.6
67.240    518.2
67.260    529.9
67.280    471.4
67.300    419.0
67.320    516.5
67.340    487.3
67.360    523.1
67.380    548.3
67.400    523.7
67.420    478.5
67.440    505.8
67.460    482.9
67.480    545.6
67.500    523.6
67.520    492.9
67.540    496.3
67.560    491.0
67.580    549.2
67.600    452.2
67.620    503.1
67.640    475.6
67.660    521.2
67.680    533.3
67.700    479.1
67.720    463.0
67.740    476.6
67.760    521.8
67.780    449.9
67.800    504.7
67.820    531.0
67.840    489.6
67.860    500.3
67.880    476.4
67.900    489.8
67.920    468.6
67.940    494.6
67.960    470.1
67.980    488.7
68.000    555.3
68.020    500.9
68.040    509.1
68.060    500.2
68.080    489.9
68.100    472.6
68.120    497.1
68.140    479.4
68.160    517.3
68.180    495.1
68.200    458.6
68.220    502.4
68.240    486.1
68.260    474.7
68.280    498.7
68.300    500.4
68.320    483.3
68.340    520.6
68.360    556.1
68.380    529.4
68.400    506.2
68.420    480.2
68.440    479.8
68.460    457.5
68.480    481.2
68.500    480.2
68.520    490.0
68.540    504.1
68.560    498.0
68.580    546.6
68.600    509.5
68.620    564.4
68.640    482.3
68.660    468.5
68.680    493.7
68.700    526.6
68.720    506.0
68.740    483.4
68.760    482.6
68.780    504.5
68.800    539.4
68.820    508.9
68.840    508.2
68.860    498.9
68.880    492.3
68.900    512.4
68.920    508.6
68.940    518.2
68.960    499.9
68.980    516.0
69.000    496.0
69.020    490.8
69.040    558.9
69.060    525.6
69.080    516.0
69.100    524.3
69.120    500.3
69.140    539.5
69.160    553.0
69.180    499.2
69.200    547.7
69.220    553.0
69.240    511.9
69.260    465.8
69.280    511.8
69.300    471.7
69.320    531.9
69.340    484.3
69.360    513.3
69.380    517.7
69.400    493.9
69.420    467.4
69.440    539.2
69.460    484.3
69.480    476.0
69.500    508.0
69.520    499.8
69.540    466.5
69.560    491.1
69.580    505.1
69.600    500.0
69.620    518.5
69.640    486.4
69.660    520.2
69.680    548.9
69.700    542.3
69.720    492.1
69.740    523.0
69.760    514.2
69.780    462.9
69.800    481.5
69.820    503.5
69.840    528.7
69.860    489.5
69.880    497.0
69.900    443.3
69.920    501.3
69.940    481.5
69.960    500.5
69.980    500.6
70.000    478.9
70.020    563.8
70.040    479.1
70.060    563.6
70.080    512.3
70.100    452.3
70.120    501.0
70.140    493.0
70.160    492.5
70.180    474.7
70.200    547.3
70.220    455.5
70.240    463.3
70.260    479.3
70.280    550.1
70.300    514.1
70.320    478.6
70.340    464.7
70.360    552.2
70.380    521.7
70.400    483.4
70.420    512.2
70.440    536.1
70.460    433.1
70.480    481.8
70.500    486.8
70.520    512.1
70.540    473.2
70.560    513.7
70.580    478.3
70.600    513.7
70.620    448.5
70.640    564.5
70.660    476.1
70.680    455.3
70.700    438.5
70.720    504.5
70.740    509.4
70.760    494.4
70.780    446.6
70.800    497.8
70.820    548.6
70.840    435.8
70.860    488.4
70.880    497.0
70.900    550.6
70.920    467.6
70.940    534.7
70.960    540.2
70.980    497.6
71.000    502.9
71.020    542.0
71.040    465.0
71.060    494.8
71.080    515.9
71.100    465.5
71.120    510.7
71.140    490.2
71.160    513.5
71.180    494.6
71.200    494.9
71.220    552.2
71.240    484.6
71.260    485.1
71.280    526.0
71.300    496.8
71.320    490.7
71.340    560.2
71.360    505.9
71.380    490.4
71.400    479.3
71.420    482.7
71.440    492.9
71.460    515.5
71.480    549.3
71.500    507.4
71.520    489.4
71.540    472.0
71.560    505.1
71.580    498.2
71.600    530.7
71.620    506.6
71.640    520.7
71.660    519.0
71.680    522.3
71.700    513.3
71.720    560.6
71.740    482.0
71.760    522.8
71.780    507.4
71.800    485.7
71.820    494.5
71.840    533.8
71.860    475.0
71.880    474.3
71.900    489.1
71.920    493.7
71.940    468.0
71.960    527.7
71.980    498.8
72.000    467.8
72.020    498.7
72.040    542.3
72.060    530.6
72.080    511.1
72.100    513.3
72.120    538.5
72.140    459.0
72.160    551.3
72.180    476.4
72.200    509.7
72.220    492.7
72.240    532.9
72.260    501.2
72.280    504.4
72.300    515.8
72.320    495.8
72.340    501.4
72.360    493.3
72.380    517.0
72.400    514.8
72.420    480.1
72.440    507.7
72.460    584.2
72.480    524.8
72.500    497.3
72.520    488.9
72.540    504.8
72.560    529.3
72.580    443.5
72.600    506.5
72.620    498.0
72.640    544.0
72.660    504.4
72.680    536.5
72.700    460.7
72.720    480.7
72.740    528.5
72.760    489.1
72.780    517.3
72.800    513.2
72.820    481.5
72.840    495.6
72.860    525.9
72.880    509.7
72.900    472.2
72.920    484.5
72.940    487.7
72.960    496.1
72.980    525.5
73.000    460.2
73.020    484.8
73.040    523.0
73.060    492.5
73.080    494.5
73.100    473.1
73.120    466.1
73.140    533.0
73.160    518.6
73.180    504.6
73.200    495.2
73.220    489.5
73.240    522.5
73.260    491.6
73.280    495.4
73.300    447.0
73.320    505.8
73.340    473.8
73.360    509.8
73.380    483.9
73.400    498.0
73.420    537.0
73.440    470.3
73.460    492.2
73.480    460.0
73.500    497.9
73.520    501.0
73.540    473.3
73.560    477.9
73.580    552.2
73.600    488.5
73.620    514.9
73.640    518.6
73.660    523.2
73.680    493.7
73.700    471.8
73.720    533.3
73.740    542.2
73.760    482.5
73.780    538.3
73.800    500.1
73.820    551.2
73.840    542.1
73.860    474.4
73.880    535.5
73.900    502.4
73.920    460.4
73.940    515.9
73.960    489.6
73.980    467.6
74.000    529.3
74.020    518.9
74.040    485.6
74.060    510.1
74.080    465.5
74.100    514.2
74.120    461.5
74.140    481.4
74.160    487.7
74.180    522.8
74.200    543.4
74.220    468.8
74.240    526.6
74.260    513.8
74.280    542.6
74.300    516.2
74.320    476.1
74.340    498.3
74.360    454.5
74.380    525.4
74.400    527.6
74.420    531.6
74.440    508.7
74.460    510.4
74.480    471.3
74.500    509.7
74.520    475.7
74.540    518.6
74.560    505.8
74.580    510.7
74.600    444.0
74.620    506.3
74.640    459.4
74.660    527.3
74.680    502.6
74.700    485.3
74.720    505.5
74.740    504.4
74.760    499.5
74.780    465.9
74.800    488.2
74.820    461.9
74.840    477.6
74.860    460.4
74.880    530.1
74.900    535.9
74.920    524.5
74.940    494.9
74.960    489.6
74.980    508.5
75.000    528.7
75.020    501.1
75.040    475.7
75.060    449.8
75.080    523.5
75.100    525.9
75.120    500.7
75.140    472.3
75.160    548.8
75.180    534.3
75.200    538.2
75.220    537.0
75.240    509.8
75.260    472.7
75.280    487.7
75.300    503.4
75.320    530.9
75.340    489.9
75.360    530.2
75.380    485.6
75.400    518.7
75.420    510.4
75.440    528.6
75.460    453.9
75.480    492.1
75.500    482.9
75.520    477.1
75.540    559.8
75.560    506.4
75.580    530.6
75.600    464.3
75.620    484.4
75.640    492.5
75.660    507.7
75.680    514.0
75.700    545.0
75.720    488.7
75.740    529.2
75.760    508.7
75.780    513.7
75.800    507.2
75.820    486.3
75.840    537.3
75.860    472.3
75.880    509.0
75.900    471.5
75.920    528.4
75.940    486.6
75.960    455.4
75.980    502.6
76.000    457.5
76.020    508.2
76.040    513.4
76.060    498.0
76.080    456.3
76.100    541.9
76.120    442.1
76.140    481.1
76.160    451.5
76.180    481.5
76.200    497.9
76.220    527.5
76.240    496.1
76.260    498.3
76.280    509.0
76.300    558.4
76.320    494.0
76.340    459.8
76.360    504.7
76.380    501.3
76.400    525.9
76.420    496.8
76.440    476.7
76.460    542.7
76.480    485.4
76.500    433.7
76.520    498.3
76.540    504.6
76.560    510.9
76.580    517.9
76.600    497.5
76.620    489.3
76.640    533.9
76.660    433.4
76.680    524.2
76.700    531.4
76.720    498.3
76.740    506.3
76.760    481.4
76.780    546.5
76.800    497.1
76.820    484.6
76.840    501.3
76.860    458.9
76.880    535.7
76.900    545.7
76.920    502.2
76.940    472.9
76.960    512.2
76.980    496.2
77.000    565.8
77.020    508.7
77.040    524.5
77.060    475.1
77.080    508.1
77.100    516.1
77.120    503.6
77.140    539.5
77.160    497.1
77.180    473.5
77.200    471.8
77.220    510.6
77.240    505.4
77.260    526.6
77.280    500.9
77.300    497.5
77.320    505.8
77.340    520.0
77.360    520.1
77.380    486.9
77.400    519.5
77.420    502.9
77.440    485.6
77.460    496.6
77.480    482.9
77.500    508.9
77.520    513.2
77.540    527.0
77.560    512.2
77.580    484.7
77.600    541.6
77.620    520.2
77.640    518.3
77.660    485.1
77.680    497.1
77.700    500.5
77.720    475.0
77.740    457.6
77.760    503.2
77.780    495.3
77.800    437.3
77.820    504.8
77.840    552.6
77.860    515.4
77.880    510.9
77.900    511.0
77.920    530.3
77.940    508.1
77.960    526.3
77.980    515.3
78.000    509.8
78.020    519.0
78.040    476.5
78.060    455.8
78.080    494.1
78.100    502.8
78.120    490.2
78.140    500.4
78.160    514.4
78.180    523.6
78.200    518.8
78.220    481.8
78.240    493.3
78.260    543.2
78.280    457.7
78.300    497.4
78.320    546.9
78.340    519.6
78.360    506.0
78.380    511.4
78.400    457.6
78.420    427.0
78.440    518.1
78.460    479.7
78.480    451.7
78.500    457.2
78.520    498.8
78.540    497.0
78.560    480.0
78.580    529.9
78.600    528.8
78.620    544.4
78.640    528.7
78.660    525.9
78.680    546.5
78.700    468.9
78.720    488.9
78.740    517.8
78.760    481.3
78.780    504.5
78.800    500.5
78.820    513.9
78.840    468.7
78.860    495.2
78.880    515.9
78.900    469.6
78.920    500.7
78.940    469.4
78.960    539.6
78.980    494.2
79.000    546.1
79.020    495.0
79.040    522.5
79.060    490.0
79.080    495.6
79.100    444.7
79.120    545.4
79.140    510.5
79.160    478.3
79.180    449.8
79.200    477.5
79.220    510.3
79.240    486.6
79.260    428.3
79.280    488.3
79.300    494.9
79.320    524.3
79.340    509.9
79.360    503.9
79.380    517.5
79.400    490.9
79.420    527.3
79.440    523.1
79.460    435.8
79.480    476.5
79.500    550.7
79.520    474.8
79.540    463.7
79.560    510.7
79.580    498.9
79.600    479.2
79.620    560.0
79.640    458.3
79.660    486.7
79.680    521.5
79.700    504.9
79.720    500.5
79.740    519.7
79.760    487.4
79.780    527.5
79.800    491.4
79.820    509.0
79.840    533.1
79.860    487.8
79.880    542.8
79.900    515.5
79.920    541.8
79.940    487.6
79.960    492.5
79.980    447.0
80.000    497.7
