# SYNTHETIC DATA – not measured – generated by make_demo_data.py
# Sample: Bare 10um
# Date: 2025-06-20
# 2Theta (deg)    Intensity (counts)
20.000    2074.5
20.020    2082.2
20.040    2054.4
20.060    2080.5
20.080    2088.4
20.100    2097.8
20.120    2169.1
20.140    2102.6
20.160    2109.8
20.180    2112.3
20.200    2164.5
20.220    2128.3
20.240    2145.3
20.260    2181.6
20.280    2185.2
20.300    2140.3
20.320    2231.0
20.340    2191.9
20.360    2219.1
20.380    2207.4
20.400    2255.8
20.420    2200.7
20.440    2199.1
20.460    2236.9
20.480    2272.8
20.500    2237.4
20.520    2271.5
20.540    2297.7
20.560    2214.8
20.580    2305.1
20.600    2304.2
20.620    2261.4
20.640    2280.6
20.660    2274.1
20.680    2319.1
20.700    2281.5
20.720    2325.4
20.740    2353.5
20.760    2264.8
20.780    2336.0
20.800    2326.4
20.820    2319.2
20.840    2352.7
20.860    2340.8
20.880    2303.3
20.900    2336.8
20.920    2359.2
20.940    2342.3
20.960    2329.3
20.980    2448.8
21.000    2422.8
21.020    2423.0
21.040    2391.8
21.060    2330.6
21.080    2388.7
21.100    2417.7
21.120    2392.2
21.140    2392.2
21.160    2424.4
21.180    2482.2
21.200    2431.6
21.220    2430.2
21.240    2408.5
21.260    2480.1
21.280    2448.6
21.300    2441.1
21.320    2436.9
21.340    2432.3
21.360    2460.5
21.380    2518.9
21.400    2462.4
21.420    2479.9
21.440    2443.7
21.460    2478.8
21.480    2429.0
21.500    2518.3
21.520    2461.5
21.540    2495.1
21.560    2486.2
21.580    2527.6
21.600    2504.5
21.620    2507.7
21.640    2442.1
21.660    2458.8
21.680    2459.4
21.700    2462.6
21.720    2467.2
21.740    2521.1
21.760    2493.1
21.780    2496.2
21.800    2468.9
21.820    2469.2
21.840    2457.3
21.860    2530.8
21.880    2502.5
21.900    2521.1
21.920    2506.9
21.940    2472.7
21.960    2498.2
21.980    2435.8
22.000    2521.6
22.020    2501.2
22.040    2506.7
22.060    2503.0
22.080    2517.7
22.100    2491.8
22.120    2499.2
22.140    2477.0
22.160    2489.4
22.180    2505.6
22.200    2522.4
22.220    2482.7
22.240    2450.5
22.260    2435.2
22.280    2482.1
22.300    2466.4
22.320    2504.8
22.340    2534.5
22.360    2460.1
22.380    2521.5
22.400    2516.9
22.420    2449.0
22.440    2462.5
22.460    2495.7
22.480    2447.1
22.500    2438.8
22.520    2490.4
22.540    2446.4
22.560    2442.1
22.580    2478.8
22.600    2459.9
22.620    2461.2
22.640    2494.9
22.660    2488.0
22.680    2394.1
22.700    2470.8
22.720    2439.8
22.740    2446.0
22.760    2457.5
22.780    2483.7
22.800    2449.5
22.820    2417.9
22.840    2430.6
22.860    2367.4
22.880    2425.2
22.900    2411.3
22.920    2364.3
22.940    2353.1
22.960    2350.7
22.980    2361.1
23.000    2397.9
23.020    2371.0
23.040    2350.7
23.060    2357.9
23.080    2398.8
23.100    2347.0
23.120    2326.4
23.140    2411.0
23.160    2315.1
23.180    2349.2
23.200    2355.8
23.220    2328.3
23.240    2311.5
23.260    2350.6
23.280    2310.6
23.300    2320.0
23.320    2293.8
23.340    2338.5
23.360    2256.4
23.380    2240.1
23.400    2245.4
23.420    2261.0
23.440    2250.9
23.460    2255.9
23.480    2226.3
23.500    2253.3
23.520    2191.1
23.540    2189.0
23.560    2211.2
23.580    2191.5
23.600    2181.4
23.620    2181.3
23.640    2170.2
23.660    2192.7
23.680    2198.7
23.700    2207.5
23.720    2168.1
23.740    2135.7
23.760    2117.2
23.780    2109.8
23.800    2087.8
23.820    2144.7
23.840    2170.4
23.860    2109.3
23.880    2112.0
23.900    2031.7
23.920    2087.5
23.940    2063.0
23.960    2075.9
23.980    2042.4
24.000    2036.7
24.020    2025.2
24.040    2023.9
24.060    2094.9
24.080    2047.2
24.100    1976.3
24.120    2004.4
24.140    1992.4
24.160    2055.9
24.180    1933.8
24.200    1997.7
24.220    1995.2
24.240    2026.1
24.260    2005.0
24.280    1941.5
24.300    1890.6
24.320    1900.0
24.340    1901.3
24.360    1907.0
24.380    1884.7
24.400    1856.4
24.420    1906.5
24.440    1883.6
24.460    1859.4
24.480    1848.2
24.500    1835.3
24.520    1815.2
24.540    1912.4
24.560    1818.7
24.580    1802.4
24.600    1856.8
24.620    1792.6
24.640    1804.0
24.660    1756.2
24.680    1765.7
24.700    1714.8
24.720    1775.0
24.740    1813.7
24.760    1751.5
24.780    1746.1
24.800    1762.0
24.820    1753.1
24.840    1683.4
24.860    1678.4
24.880    1682.5
24.900    1721.8
24.920    1640.1
24.940    1649.9
24.960    1651.0
24.980    1650.3
25.000    1647.4
25.020    1621.3
25.040    1660.5
25.060    1593.0
25.080    1668.5
25.100    1604.4
25.120    1610.3
25.140    1544.2
25.160    1582.6
25.180    1527.2
25.200    1511.8
25.220    1570.6
25.240    1538.4
25.260    1495.5
25.280    1460.7
25.300    1534.9
25.320    1505.2
25.340    1520.3
25.360    1516.6
25.380    1514.1
25.400    1403.6
25.420    1365.7
25.440    1474.4
25.460    1389.4
25.480    1471.5
25.500    1441.7
25.520    1421.0
25.540    1411.1
25.560    1357.1
25.580    1394.1
25.600    1383.3
25.620    1392.2
25.640    1432.2
25.660    1348.9
25.680    1377.4
25.700    1403.0
25.720    1319.4
25.740    1307.3
25.760    1301.9
25.780    1282.5
25.800    1259.4
25.820    1320.8
25.840    1339.9
25.860    1304.7
25.880    1262.8
25.900    1253.6
25.920    1272.2
25.940    1234.8
25.960    1244.9
25.980    1226.5
26.000    1262.5
26.020    1247.0
26.040    1225.3
26.060    1179.8
26.080    1191.3
26.100    1221.8
26.120    1246.4
26.140    1169.7
26.160    1256.7
26.180    1159.3
26.200    1152.4
26.220    1167.7
26.240    1130.7
26.260    1144.6
26.280    1140.5
26.300    1116.6
26.320    1115.1
26.340    1133.6
26.360    1147.6
26.380    1171.2
26.400    1102.5
26.420    1046.8
26.440    1070.3
26.460    1028.7
26.480    1073.6
26.500    1043.8
26.520    1068.3
26.540    1044.1
26.560    1045.7
26.580    1027.4
26.600    1080.0
26.620    971.5
26.640    1054.4
26.660    1050.1
26.680    1027.6
26.700    1011.4
26.720    1010.3
26.740    979.0
26.760    953.7
26.780    1004.7
26.800    997.1
26.820    996.8
26.840    959.4
26.860    989.9
26.880    971.6
26.900    1003.7
26.920    941.7
26.940    871.8
26.960    898.6
26.980    937.0
27.000    877.5
27.020    935.7
27.040    887.1
27.060    907.9
27.080    907.7
27.100    867.5
27.120    900.6
27.140    918.8
27.160    862.1
27.180    863.7
27.200    850.2
27.220    883.0
27.240    888.9
27.260    834.3
27.280    836.8
27.300    869.6
27.320    841.7
27.340    887.0
27.360    829.0
27.380    806.3
27.400    784.3
27.420    797.1
27.440    759.6
27.460    816.3
27.480    855.4
27.500    752.1
27.520    753.1
27.540    756.4
27.560    781.7
27.580    754.5
27.600    804.7
27.620    807.2
27.640    751.3
27.660    760.9
27.680    741.9
27.700    780.8
27.720    812.1
27.740    723.1
27.760    736.0
27.780    713.0
27.800    757.6
27.820    753.6
27.840    712.4
27.860    725.8
27.880    797.6
27.900    789.6
27.920    696.7
27.940    720.7
27.960    705.5
27.980    727.6
28.000    677.1
28.020    725.2
28.040    736.5
28.060    740.3
28.080    654.7
28.100    752.9
28.120    665.5
28.140    648.2
28.160    723.5
28.180    713.0
28.200    681.7
28.220    708.1
28.240    698.9
28.260    685.5
28.280    639.7
28.300    659.2
28.320    667.1
28.340    700.9
28.360    709.4
28.380    655.2
28.400    638.8
28.420    630.5
28.440    679.7
28.460    630.0
28.480    712.1
28.500    651.0
28.520    647.4
28.540    661.3
28.560    638.1
28.580    609.3
28.600    637.3
28.620    644.4
28.640    614.8
28.660    621.3
28.680    624.7
28.700    567.8
28.720    598.3
28.740    615.7
28.760    583.6
28.780    631.0
28.800    630.5
28.820    545.5
28.840    593.0
28.860    622.0
28.880    597.2
28.900    620.6
28.920    622.1
28.940    555.6
28.960    607.5
28.980    571.2
29.000    526.5
29.020    610.3
29.040    570.0
29.060    588.0
29.080    611.0
29.100    619.1
29.120    579.4
29.140    557.8
29.160    564.9
29.180    615.6
29.200    571.4
29.220    634.1
29.240    625.9
29.260    557.5
29.280    631.0
29.300    557.5
29.320    570.1
29.340    570.7
29.360    539.8
29.380    572.9
29.400    587.6
29.420    637.0
29.440    607.3
29.460    548.3
29.480    573.4
29.500    597.3
29.520    558.0
29.540    535.9
29.560    555.7
29.580    523.8
29.600    559.1
29.620    539.9
29.640    590.1
29.660    546.4
29.680    514.9
29.700    572.8
29.720    542.3
29.740    521.4
29.760    556.8
29.780    522.8
29.800    493.5
29.820    508.5
29.840    576.4
29.860    586.3
29.880    527.6
29.900    550.7
29.920    486.0
29.940    563.5
29.960    532.1
29.980    553.3
30.000    526.1
30.020    533.0
30.040    483.1
30.060    545.2
30.080    515.0
30.100    539.4
30.120    579.4
30.140    453.8
30.160    559.6
30.180    538.6
30.200    536.3
30.220    552.3
30.240    512.0
30.260    467.5
30.280    504.9
30.300    511.2
30.320    450.3
30.340    536.7
30.360    535.0
30.380    483.5
30.400    520.0
30.420    519.4
30.440    517.7
30.460    515.7
30.480    547.5
30.500    522.1
30.520    577.1
30.540    521.8
30.560    554.3
30.580    556.9
30.600    467.8
30.620    522.1
30.640    528.1
30.660    531.8
30.680    527.9
30.700    551.2
30.720    540.3
30.740    505.6
30.760    549.4
30.780    507.0
30.800    524.2
30.820    495.4
30.840    471.4
30.860    477.3
30.880    556.3
30.900    534.2
30.920    490.9
30.940    532.1
30.960    480.9
30.980    485.0
31.000    455.7
31.020    496.6
31.040    525.5
31.060    582.8
31.080    498.4
31.100    515.6
31.120    519.4
31.140    534.4
31.160    486.2
31.180    472.4
31.200    533.2
31.220    468.3
31.240    522.1
31.260    490.6
31.280    507.0
31.300    520.4
31.320    452.0
31.340    571.5
31.360    463.6
31.380    470.4
31.400    521.6
31.420    409.7
31.440    477.9
31.460    511.7
31.480    492.9
31.500    500.0
31.520    492.4
31.540    493.4
31.560    490.1
31.580    560.9
31.600    520.0
31.620    468.5
31.640    491.2
31.660    527.1
31.680    541.7
31.700    458.7
31.720    496.4
31.740    425.9
31.760    479.3
31.780    550.0
31.800    518.9
31.820    487.3
31.840    462.2
31.860    495.0
31.880    497.6
31.900    503.6
31.920    518.1
31.940    499.9
31.960    440.4
31.980    474.3
32.000    481.8
32.020    460.0
32.040    536.8
32.060    460.7
32.080    510.1
32.100    505.6
32.120    501.0
32.140    495.0
32.160    469.3
32.180    499.6
32.200    523.5
32.220    464.3
32.240    538.5
32.260    476.6
32.280    525.0
32.300    488.5
32.320    547.9
32.340    546.8
32.360    548.7
32.380    562.6
32.400    489.4
32.420    398.9
32.440    448.5
32.460    458.7
32.480    524.5
32.500    524.8
32.520    463.2
32.540    515.5
32.560    478.7
32.580    476.1
32.600    500.2
32.620    450.3
32.640    518.1
32.660    512.1
32.680    548.6
32.700    523.7
32.720    507.3
32.740    532.8
32.760    492.8
32.780    501.9
32.800    459.9
32.820    475.7
32.840    496.6
32.860    529.1
32.880    547.3
32.900    548.5
32.920    485.1
32.940    496.6
32.960    470.6
32.980    448.3
33.000    527.0
33.020    454.1
33.040    519.6
33.060    480.5
33.080    491.5
33.100    530.9
33.120    471.4
33.140    515.9
33.160    470.1
33.180    496.0
33.200    493.5
33.220    502.1
33.240    458.1
33.260    488.9
33.280    508.7
33.300    473.5
33.320    514.9
33.340    512.6
33.360    494.1
33.380    482.9
33.400    502.5
33.420    473.6
33.440    509.8
33.460    499.1
33.480    537.2
33.500    493.1
33.520    464.7
33.540    506.3
33.560    484.7
33.580    541.6
33.600    465.3
33.620    475.0
33.640    487.1
33.660    486.8
33.680    499.3
33.700    571.7
33.720    491.1
33.740    538.4
33.760    477.6
33.780    478.1
33.800    493.7
33.820    545.9
33.840    505.1
33.860    509.9
33.880    479.7
33.900    492.8
33.920    569.1
33.940    459.5
33.960    431.0
33.980    489.3
34.000    463.1
34.020    452.2
34.040    428.5
34.060    506.6
34.080    493.3
34.100    484.5
34.120    520.9
34.140    527.5
34.160    499.3
34.180    522.3
34.200    450.1
34.220    506.6
34.240    462.5
34.260    491.1
34.280    540.4
34.300    492.7
34.320    554.2
34.340    533.8
34.360    520.1
34.380    458.2
34.400    497.1
34.420    509.5
34.440    523.4
34.460    495.0
34.480    449.7
34.500    522.9
34.520    446.1
34.540    470.9
34.560    431.2
34.580    495.4
34.600    520.3
34.620    524.5
34.640    462.5
34.660    510.7
34.680    502.9
34.700    512.1
34.720    523.8
34.740    508.2
34.760    550.6
34.780    462.0
34.800    511.9
34.820    505.7
34.840    459.3
34.860    504.1
34.880    492.0
34.900    467.6
34.920    514.8
34.940    493.4
34.960    528.7
34.980    487.2
35.000    542.1
35.020    512.5
35.040    510.0
35.060    531.1
35.080    564.3
35.100    499.1
35.120    505.7
35.140    499.2
35.160    509.6
35.180    442.9
35.200    548.4
35.220    553.4
35.240    545.7
35.260    502.4
35.280    450.3
35.300    468.1
35.320    503.6
35.340    485.7
35.360    451.3
35.380    481.3
35.400    448.4
35.420    456.3
35.440    505.1
35.460    472.5
35.480    458.3
35.500    470.5
35.520    475.8
35.540    512.3
35.560    525.2
35.580    520.7
35.600    483.0
35.620    482.9
35.640    553.8
35.660    502.0
35.680    481.7
35.700    525.7
35.720    465.5
35.740    545.7
35.760    553.0
35.780    522.0
35.800    405.6
35.820    508.2
35.840    520.7
35.860    509.5
35.880    578.7
35.900    477.3
35.920    484.1
35.940    533.9
35.960    502.2
35.980    534.8
36.000    501.8
36.020    482.5
36.040    468.0
36.060    495.3
36.080    487.3
36.100    527.1
36.120    513.3
36.140    444.5
36.160    531.9
36.180    488.3
36.200    463.3
36.220    564.4
36.240    497.5
36.260    504.9
36.280    518.9
36.300    464.9
36.320    505.3
36.340    509.3
36.360    483.3
36.380    511.6
36.400    524.7
36.420    510.1
36.440    438.6
36.460    490.7
36.480    512.2
36.500    550.1
36.520    523.8
36.540    515.5
36.560    466.4
36.580    521.9
36.600    577.4
36.620    503.2
36.640    489.9
36.660    506.2
36.680    521.7
36.700    488.7
36.720    505.5
36.740    469.1
36.760    492.9
36.780    501.1
36.800    486.0
36.820    470.1
36.840    554.9
36.860    503.6
36.880    526.1
36.900    456.0
36.920    495.8
36.940    491.1
36.960    564.1
36.980    527.2
37.000    497.7
37.020    519.8
37.040    505.9
37.060    515.6
37.080    451.3
37.100    430.9
37.120    498.1
37.140    501.3
37.160    501.9
37.180    545.3
37.200    494.4
37.220    502.9
37.240    485.7
37.260    445.9
37.280    464.8
37.300    478.2
37.320    494.3
37.340    548.0
37.360    511.2
37.380    494.1
37.400    444.8
37.420    521.3
37.440    485.5
37.460    424.4
37.480    507.5
37.500    506.6
37.520    513.9
37.540    508.7
37.560    476.0
37.580    494.2
37.600    470.4
37.620    494.3
37.640    511.2
37.660    513.9
37.680    474.9
37.700    546.1
37.720    494.6
37.740    432.9
37.760    542.1
37.780    530.0
37.800    542.3
37.820    498.6
37.840    491.2
37.860    478.8
37.880    522.6
37.900    527.1
37.920    524.9
37.940    526.9
37.960    480.0
37.980    508.7
38.000    521.7
38.020    499.5
38.040    556.9
38.060    436.5
38.080    515.4
38.100    492.8
38.120    502.6
38.140    502.6
38.160    495.8
38.180    505.5
38.200    497.7
38.220    458.6
38.240    521.4
38.260    520.1
38.280    465.6
38.300    516.7
38.320    500.8
38.340    513.8
38.360    501.9
38.380    474.7
38.400    512.6
38.420    446.0
38.440    547.9
38.460    475.0
38.480    477.8
38.500    521.2
38.520    499.1
38.540    525.2
38.560    559.0
38.580    522.6
38.600    496.2
38.620    469.4
38.640    497.6
38.660    468.5
38.680    507.1
38.700    412.0
38.720    477.1
38.740    482.9
38.760    469.9
38.780    520.5
38.800    524.3
38.820    438.3
38.840    539.0
38.860    487.4
38.880    507.6
38.900    515.2
38.920    488.2
38.940    502.6
38.960    519.2
38.980    481.0
39.000    507.3
39.020    529.0
39.040    496.9
39.060    493.7
39.080    486.4
39.100    483.4
39.120    491.9
39.140    459.2
39.160    498.5
39.180    479.6
39.200    510.3
39.220    552.9
39.240    528.5
39.260    486.5
39.280    516.3
39.300    500.4
39.320    476.1
39.340    518.5
39.360    536.4
39.380    521.0
39.400    502.7
39.420    471.2
39.440    491.9
39.460    519.8
39.480    509.6
39.500    525.1
39.520    485.3
39.540    420.5
39.560    529.4
39.580    523.5
39.600    547.7
39.620    545.7
39.640    528.7
39.660    486.3
39.680    456.5
39.700    479.9
39.720    472.9
39.740    456.5
39.760    486.5
39.780    530.3
39.800    480.3
39.820    502.6
39.840    520.5
39.860    472.4
39.880    488.9
39.900    478.7
39.920    452.0
39.940    516.0
39.960    523.9
39.980    524.4
40.000    500.3
40.020    472.4
40.040    540.0
40.060    440.3
40.080    506.7
40.100    489.8
40.120    460.0
40.140    531.1
40.160    547.1
40.180    487.3
40.200    485.3
40.220    504.3
40.240    490.8
40.260    560.0
40.280    466.5
40.300    473.0
40.320    510.5
40.340    480.8
40.360    479.8
40.380    483.3
40.400    493.2
40.420    532.3
40.440    466.1
40.460    525.2
40.480    468.6
40.500    466.5
40.520    525.5
40.540    513.2
40.560    524.4
40.580    526.8
40.600    482.5
40.620    471.4
40.640    506.9
40.660    471.5
40.680    495.1
40.700    552.4
40.720    458.5
40.740    465.0
40.760    523.5
40.780    528.8
40.800    492.9
40.820    507.2
40.840    487.1
40.860    483.0
40.880    503.3
40.900    522.2
40.920    455.3
40.940    449.2
40.960    506.0
40.980    480.9
41.000    520.9
41.020    501.8
41.040    488.6
41.060    500.0
41.080    593.6
41.100    498.2
41.120    479.1
41.140    451.0
41.160    519.3
41.180    546.9
41.200    505.2
41.220    504.1
41.240    497.0
41.260    509.2
41.280    492.7
41.300    512.2
41.320    511.4
41.340    505.5
41.360    554.0
41.380    484.5
41.400    491.5
41.420    475.6
41.440    494.4
41.460    503.9
41.480    552.5
41.500    493.4
41.520    493.6
41.540    503.4
41.560    472.6
41.580    495.9
41.600    438.7
41.620    519.8
41.640    520.6
41.660    523.0
41.680    549.7
41.700    521.6
41.720    538.2
41.740    522.9
41.760    506.3
41.780    513.0
41.800    523.4
41.820    521.3
41.840    459.5
41.860    467.4
41.880    479.3
41.900    461.3
41.920    479.3
41.940    473.1
41.960    464.7
41.980    496.5
42.000    534.6
42.020    541.1
42.040    547.8
42.060    541.0
42.080    423.9
42.100    552.8
42.120    508.0
42.140    454.3
42.160    474.1
42.180    484.2
42.200    474.2
42.220    531.1
42.240    492.2
42.260    559.5
42.280    550.7
42.300    446.6
42.320    485.4
42.340    531.2
42.360    541.3
42.380    649.6
42.400    1139.4
42.420    2663.6
42.440    6397.3
42.460    13394.7
42.480    22942.4
42.500    31794.9
42.520    35443.8
42.540    31828.4
42.560    22936.1
42.580    13296.5
42.600    6419.2
42.620    2638.8
42.640    1144.9
42.660    645.4
42.680    561.8
42.700    467.9
42.720    548.5
42.740    504.1
42.760    562.5
42.780    514.4
42.800    504.3
42.820    475.5
42.840    558.5
42.860    545.5
42.880    510.9
42.900    493.5
42.920    490.2
42.940    494.2
42.960    508.2
42.980    476.0
43.000    485.7
43.020    512.4
43.040    489.5
43.060    486.3
43.080    534.1
43.100    547.0
43.120    517.1
43.140    513.9
43.160    511.6
43.180    501.4
43.200    507.3
43.220    517.1
43.240    475.3
43.260    462.7
43.280    480.6
43.300    479.7
43.320    517.9
43.340    527.2
43.360    502.8
43.380    466.9
43.400    462.6
43.420    448.0
43.440    499.3
43.460    521.3
43.480    480.5
43.500    489.1
43.520    505.0
43.540    499.2
43.560    517.3
43.580    489.1
43.600    492.2
43.620    495.8
43.640    540.7
43.660    502.0
43.680    531.6
43.700    495.7
43.720    531.0
43.740    502.9
43.760    468.9
43.780    455.4
43.800    530.2
43.820    476.0
43.840    499.4
43.860    458.7
43.880    509.0
43.900    478.3
43.920    552.2
43.940    481.2
43.960    523.3
43.980    579.0
44.000    546.1
44.020    526.0
44.040    468.5
44.060    543.9
44.080    554.5
44.100    492.3
44.120    504.6
44.140    487.4
44.160    477.1
44.180    504.1
44.200    516.6
44.220    513.7
44.240    537.4
44.260    520.7
44.280    509.9
44.300    544.3
44.320    476.4
44.340    502.9
44.360    516.5
44.380    530.2
44.400    470.4
44.420    540.1
44.440    463.2
44.460    481.8
44.480    541.8
44.500    443.1
44.520    494.5
44.540    549.0
44.560    530.1
44.580    507.5
44.600    499.0
44.620    517.9
44.640    452.5
44.660    549.2
44.680    489.6
44.700    482.7
44.720    535.4
44.740    524.7
44.760    513.0
44.780    516.7
44.800    505.7
44.820    460.3
44.840    444.7
44.860    531.6
44.880    523.7
44.900    502.9
44.920    550.9
44.940    487.6
44.960    485.3
44.980    530.6
45.000    489.5
45.020    511.8
45.040    594.5
45.060    693.3
45.080    930.6
45.100    1268.0
45.120    1622.7
45.140    2067.0
45.160    2408.5
45.180    2494.2
45.200    2390.2
45.220    2097.5
45.240    1620.9
45.260    1259.2
45.280    998.6
45.300    707.8
45.320    551.5
45.340    514.8
45.360    502.1
45.380    543.0
45.400    523.1
45.420    495.0
45.440    440.3
45.460    495.3
45.480    566.7
45.500    460.8
45.520    512.9
45.540    520.7
45.560    531.5
45.580    528.7
45.600    539.1
45.620    548.2
45.640    523.5
45.660    524.8
45.680    497.9
45.700    499.4
45.720    476.6
45.740    535.1
45.760    419.3
45.780    529.7
45.800    449.7
45.820    512.2
45.840    485.1
45.860    589.2
45.880    512.3
45.900    488.1
45.920    543.8
45.940    525.5
45.960    476.8
45.980    501.0
46.000    546.5
46.020    430.9
46.040    459.7
46.060    496.4
46.080    551.8
46.100    459.6
46.120    490.7
46.140    486.2
46.160    532.9
46.180    513.4
46.200    499.6
46.220    470.5
46.240    443.9
46.260    520.1
46.280    552.8
46.300    491.0
46.320    473.6
46.340    538.2
46.360    452.6
46.380    431.8
46.400    522.0
46.420    518.8
46.440    540.1
46.460    483.7
46.480    502.6
46.500    493.7
46.520    519.9
46.540    502.0
46.560    505.1
46.580    508.6
46.600    502.4
46.620    475.6
46.640    521.3
46.660    516.4
46.680    513.2
46.700    476.5
46.720    495.4
46.740    503.0
46.760    432.3
46.780    519.7
46.800    479.1
46.820    447.7
46.840    533.2
46.860    466.2
46.880    496.9
46.900    486.4
46.920    447.8
46.940    475.1
46.960    564.6
46.980    548.2
47.000    472.9
47.020    523.1
47.040    491.2
47.060    530.8
47.080    460.5
47.100    502.6
47.120    812.0
47.140    2532.7
47.160    11325.6
47.180    46316.4
47.200    155953.3
47.220    423020.7
47.240    920205.3
47.260    1603439.4
47.280    2237548.9
47.300    2500528.3
47.320    2237548.8
47.340    1603413.5
47.360    920205.1
47.380    423059.6
47.400    155948.7
47.420    46262.0
47.440    11362.5
47.460    2504.3
47.480    854.5
47.500    501.9
47.520    507.5
47.540    515.0
47.560    507.2
47.580    487.4
47.600    513.0
47.620    507.1
47.640    465.9
47.660    540.4
47.680    501.0
47.700    504.6
47.720    467.8
47.740    511.8
47.760    537.5
47.780    511.0
47.800    503.3
47.820    514.5
47.840    485.6
47.860    511.2
47.880    475.0
47.900    527.2
47.920    525.2
47.940    515.3
47.960    516.0
47.980    509.7
48.000    472.3
48.020    476.7
48.040    507.8
48.060    478.4
48.080    477.2
48.100    473.1
48.120    514.2
48.140    504.8
48.160    519.0
48.180    544.8
48.200    508.5
48.220    483.3
48.240    507.2
48.260    521.9
48.280    536.3
48.300    498.0
48.320    518.7
48.340    472.4
48.360    477.5
48.380    463.0
48.400    512.5
48.420    466.7
48.440    492.4
48.460    503.5
48.480    466.7
48.500    456.0
48.520    528.0
48.540    516.4
48.560    528.0
48.580    506.3
48.600    538.6
48.620    514.3
48.640    462.6
48.660    515.9
48.680    506.6
48.700    466.4
48.720    478.0
48.740    508.7
48.760    437.9
48.780    498.1
48.800    451.2
48.820    516.4
48.840    518.7
48.860    457.0
48.880    463.9
48.900    480.0
48.920    486.9
48.940    468.3
48.960    518.6
48.980    494.0
49.000    452.5
49.020    500.8
49.040    472.1
49.060    494.9
49.080    526.1
49.100    467.3
49.120    498.6
49.140    483.0
49.160    494.5
49.180    536.3
49.200    536.8
49.220    439.2
49.240    544.9
49.260    534.8
49.280    477.1
49.300    525.5
49.320    485.8
49.340    512.7
49.360    440.4
49.380    531.1
49.400    444.4
49.420    444.4
49.440    504.0
49.460    529.1
49.480    494.2
49.500    523.9
49.520    538.2
49.540    508.9
49.560    546.3
49.580    536.7
49.600    485.7
49.620    469.4
49.640    482.6
49.660    497.0
49.680    550.8
49.700    558.6
49.720    454.1
49.740    566.3
49.760    435.6
49.780    452.7
49.800    464.6
49.820    545.4
49.840    469.5
49.860    519.9
49.880    508.8
49.900    487.7
49.920    511.1
49.940    481.1
49.960    509.3
49.980    493.8
50.000    601.3
50.020    458.7
50.040    517.8
50.060    485.9
50.080    555.8
50.100    540.0
50.120    506.6
50.140    535.1
50.160    471.7
50.180    491.7
50.200    539.1
50.220    468.0
50.240    530.1
50.260    532.4
50.280    526.9
50.300    510.9
50.320    509.2
50.340    460.7
50.360    507.1
50.380    438.4
50.400    458.1
50.420    504.6
50.440    522.3
50.460    462.0
50.480    526.7
50.500    489.6
50.520    459.1
50.540    508.9
50.560    513.8
50.580    489.5
50.600    499.1
50.620    564.4
50.640    478.2
50.660    461.8
50.680    487.7
50.700    511.5
50.720    496.5
50.740    528.4
50.760    509.8
50.780    510.9
50.800    473.4
50.820    539.6
50.840    458.1
50.860    544.9
50.880    458.8
50.900    468.9
50.920    488.9
50.940    551.8
50.960    477.2
50.980    532.7
51.000    497.2
51.020    467.7
51.040    524.1
51.060    490.6
51.080    482.3
51.100    529.6
51.120    511.8
51.140    510.0
51.160    503.3
51.180    574.2
51.200    461.8
51.220    489.5
51.240    479.8
51.260    482.7
51.280    448.7
51.300    489.2
51.320    505.3
51.340    495.2
51.360    474.2
51.380    459.4
51.400    502.1
51.420    475.5
51.440    507.4
51.460    499.6
51.480    547.0
51.500    490.3
51.520    526.5
51.540    492.3
51.560    519.0
51.580    513.9
51.600    521.7
51.620    461.9
51.640    495.1
51.660    465.0
51.680    511.4
51.700    484.1
51.720    491.6
51.740    454.6
51.760    495.0
51.780    516.2
51.800    500.4
51.820    514.8
51.840    534.9
51.860    516.4
51.880    531.9
51.900    453.5
51.920    468.4
51.940    455.7
51.960    501.9
51.980    528.7
52.000    525.5
52.020    508.1
52.040    470.2
52.060    486.8
52.080    425.3
52.100    464.8
52.120    495.4
52.140    480.2
52.160    496.8
52.180    530.2
52.200    490.7
52.220    493.6
52.240    484.2
52.260    573.1
52.280    509.8
52.300    510.0
52.320    547.0
52.340    532.4
52.360    499.9
52.380    487.3
52.400    524.6
52.420    531.9
52.440    547.0
52.460    521.7
52.480    482.0
52.500    457.9
52.520    482.0
52.540    516.6
52.560    508.1
52.580    491.9
52.600    483.3
52.620    497.9
52.640    523.3
52.660    507.6
52.680    451.5
52.700    479.2
52.720    526.9
52.740    472.0
52.760    512.4
52.780    469.6
52.800    443.9
52.820    533.7
52.840    488.2
52.860    524.2
52.880    482.1
52.900    502.2
52.920    551.5
52.940    521.6
52.960    501.8
52.980    510.5
53.000    465.8
53.020    526.8
53.040    548.3
53.060    577.7
53.080    476.8
53.100    488.1
53.120    489.6
53.140    490.1
53.160    465.3
53.180    488.6
53.200    520.8
53.220    477.1
53.240    552.5
53.260    435.1
53.280    472.2
53.300    501.5
53.320    492.2
53.340    474.0
53.360    545.0
53.380    547.5
53.400    526.2
53.420    508.2
53.440    472.1
53.460    457.8
53.480    525.8
53.500    538.1
53.520    529.0
53.540    512.4
53.560    507.3
53.580    506.5
53.600    551.5
53.620    457.4
53.640    483.4
53.660    504.8
53.680    513.0
53.700    499.1
53.720    524.7
53.740    509.7
53.760    495.1
53.780    477.4
53.800    459.3
53.820    504.3
53.840    547.6
53.860    543.5
53.880    443.5
53.900    502.6
53.920    476.5
53.940    502.4
53.960    457.1
53.980    566.0
54.000    462.2
54.020    473.9
54.040    538.7
54.060    549.2
54.080    484.7
54.100    439.3
54.120    524.9
54.140    503.6
54.160    489.7
54.180    490.8
54.200    461.0
54.220    499.0
54.240    474.1
54.260    516.0
54.280    485.4
54.300    535.7
54.320    509.4
54.340    511.7
54.360    486.9
54.380    526.1
54.400    501.3
54.420    478.6
54.440    441.6
54.460    498.1
54.480    485.9
54.500    537.1
54.520    520.3
54.540    485.4
54.560    434.5
54.580    515.0
54.600    554.2
54.620    504.2
54.640    483.4
54.660    508.1
54.680    468.1
54.700    512.0
54.720    450.2
54.740    428.5
54.760    461.0
54.780    510.9
54.800    465.0
54.820    433.5
54.840    499.2
54.860    479.4
54.880    517.5
54.900    573.5
54.920    531.6
54.940    535.0
54.960    513.3
54.980    468.4
55.000    479.2
55.020    472.6
55.040    516.8
55.060    497.8
55.080    494.8
55.100    507.5
55.120    481.4
55.140    521.8
55.160    462.5
55.180    583.3
55.200    533.5
55.220    521.1
55.240    520.5
55.260    524.1
55.280    528.8
55.300    479.2
55.320    501.2
55.340    521.7
55.360    496.5
55.380    503.9
55.400    491.1
55.420    540.5
55.440    516.5
55.460    476.9
55.480    446.6
55.500    497.6
55.520    542.8
55.540    468.9
55.560    505.8
55.580    506.7
55.600    536.0
55.620    517.8
55.640    527.3
55.660    502.3
55.680    488.4
55.700    501.8
55.720    504.3
55.740    493.7
55.760    512.3
55.780    479.7
55.800    551.3
55.820    499.5
55.840    480.5
55.860    514.2
55.880    473.8
55.900    476.1
55.920    491.2
55.940    496.9
55.960    498.8
55.980    477.6
56.000    554.9
56.020    437.1
56.040    483.4
56.060    531.3
56.080    490.5
56.100    481.8
56.120    458.4
56.140    527.4
56.160    471.8
56.180    494.7
56.200    497.9
56.220    449.1
56.240    495.9
56.260    494.5
56.280    506.6
56.300    443.7
56.320    486.7
56.340    469.8
56.360    465.1
56.380    558.3
56.400    510.5
56.420    493.7
56.440    477.5
56.460    456.8
56.480    491.7
56.500    455.3
56.520    485.9
56.540    526.2
56.560    498.3
56.580    537.6
56.600    459.9
56.620    491.2
56.640    553.2
56.660    450.8
56.680    479.6
56.700    538.1
56.720    474.1
56.740    469.5
56.760    486.0
56.780    452.1
56.800    502.8
56.820    423.1
56.840    564.1
56.860    509.7
56.880    449.5
56.900    507.5
56.920    496.2
56.940    501.8
56.960    560.0
56.980    500.2
57.000    488.8
57.020    504.2
57.040    465.6
57.060    471.5
57.080    514.7
57.100    558.7
57.120    496.5
57.140    534.5
57.160    573.7
57.180    501.5
57.200    483.5
57.220    530.1
57.240    468.3
57.260    485.5
57.280    478.8
57.300    485.9
57.320    513.8
57.340    417.4
57.360    450.2
57.380    510.9
57.400    500.6
57.420    536.7
57.440    459.2
57.460    528.7
57.480    517.2
57.500    497.4
57.520    516.1
57.540    478.0
57.560    482.8
57.580    491.7
57.600    445.4
57.620    497.1
57.640    452.5
57.660    554.7
57.680    516.8
57.700    619.5
57.720    519.2
57.740    450.4
57.760    527.5
57.780    479.5
57.800    533.3
57.820    560.8
57.840    438.5
57.860    516.0
57.880    482.3
57.900    498.6
57.920    550.4
57.940    529.3
57.960    518.5
57.980    474.4
58.000    479.9
58.020    493.5
58.040    519.0
58.060    507.0
58.080    450.6
58.100    459.2
58.120    505.4
58.140    545.5
58.160    499.5
58.180    474.0
58.200    507.1
58.220    478.4
58.240    503.4
58.260    538.8
58.280    452.9
58.300    494.3
58.320    508.7
58.340    509.0
58.360    506.7
58.380    512.2
58.400    503.0
58.420    530.0
58.440    469.4
58.460    496.1
58.480    510.9
58.500    523.5
58.520    532.2
58.540    531.9
58.560    441.8
58.580    507.8
58.600    532.2
58.620    484.5
58.640    464.5
58.660    533.6
58.680    455.7
58.700    483.7
58.720    502.8
58.740    488.0
58.760    475.7
58.780    468.3
58.800    533.3
58.820    492.2
58.840    478.7
58.860    456.7
58.880    452.0
58.900    487.5
58.920    500.1
58.940    418.6
58.960    452.5
58.980    490.4
59.000    510.4
59.020    541.8
59.040    511.9
59.060    482.5
59.080    490.8
59.100    460.2
59.120    493.5
59.140    499.8
59.160    450.0
59.180    488.2
59.200    497.4
59.220    500.2
59.240    515.8
59.260    528.6
59.280    435.6
59.300    483.8
59.320    533.7
59.340    505.8
59.360    479.1
59.380    476.3
59.400    474.6
59.420    505.0
59.440    546.6
59.460    561.1
59.480    450.6
59.500    497.3
59.520    483.4
59.540    472.2
59.560    536.9
59.580    477.2
59.600    509.1
59.620    501.7
59.640    482.7
59.660    564.9
59.680    506.2
59.700    546.5
59.720    488.4
59.740    476.7
59.760    515.5
59.780    478.4
59.800    540.3
59.820    518.2
59.840    520.6
59.860    486.8
59.880    516.0
59.900    499.5
59.920    512.9
59.940    470.6
59.960    517.5
59.980    454.3
60.000    529.9
60.020    540.2
60.040    506.2
60.060    527.9
60.080    539.3
60.100    523.3
60.120    506.9
60.140    471.2
60.160    556.6
60.180    487.0
60.200    484.3
60.220    540.5
60.240    514.5
60.260    471.4
60.280    496.9
60.300    527.4
60.320    545.5
60.340    507.4
60.360    497.6
60.380    507.7
60.400    456.6
60.420    506.8
60.440    481.7
60.460    532.0
60.480    444.9
60.500    476.2
60.520    464.5
60.540    497.3
60.560    563.7
60.580    479.6
60.600    482.3
60.620    502.2
60.640    519.0
60.660    475.1
60.680    546.2
60.700    494.6
60.720    474.3
60.740    462.3
60.760    461.9
60.780    475.2
60.800    520.6
60.820    504.2
60.840    522.2
60.860    498.3
60.880    483.1
60.900    455.5
60.920    478.9
60.940    519.0
60.960    539.0
60.980    465.3
61.000    502.3
61.020    512.6
61.040    439.7
61.060    535.8
61.080    534.8
61.100    539.6
61.120    599.6
61.140    472.1
61.160    466.3
61.180    471.7
61.200    528.6
61.220    500.5
61.240    525.4
61.260    460.6
61.280    463.7
61.300    519.4
61.320    518.7
61.340    469.6
61.360    490.6
61.380    460.7
61.400    472.6
61.420    442.2
61.440    543.4
61.460    509.7
61.480    512.1
61.500    501.9
61.520    520.7
61.540    512.6
61.560    442.7
61.580    440.3
61.600    483.6
61.620    483.2
61.640    521.6
61.660    496.8
61.680    523.2
61.700    497.8
61.720    494.0
61.740    456.4
61.760    473.6
61.780    475.7
61.800    512.1
61.820    504.4
61.840    479.0
61.860    525.3
61.880    529.4
61.900    481.7
61.920    513.0
61.940    542.2
61.960    555.6
61.980    488.1
62.000    524.2
62.020    530.0
62.040    430.6
62.060    464.1
62.080    523.2
62.100    515.3
62.120    496.2
62.140    490.9
62.160    487.3
62.180    446.7
62.200    482.4
62.220    551.9
62.240    506.0
62.260    537.1
62.280    468.1
62.300    505.5
62.320    511.9
62.340    519.1
62.360    502.4
62.380    495.3
62.400    537.4
62.420    478.2
62.440    568.4
62.460    522.4
62.480    498.8
62.500    521.1
62.520    504.9
62.540    513.1
62.560    465.7
62.580    513.0
62.600    508.7
62.620    537.7
62.640    500.4
62.660    464.2
62.680    517.7
62.700    526.0
62.720    408.0
62.740    491.5
62.760    509.3
62.780    447.9
62.800    508.0
62.820    488.5
62.840    539.7
62.860    461.4
62.880    515.8
62.900    531.0
62.920    470.3
62.940    432.8
62.960    470.7
62.980    480.4
63.000    488.5
63.020    431.4
63.040    473.6
63.060    479.1
63.080    513.3
63.100    552.4
63.120    488.9
63.140    495.7
63.160    496.4
63.180    458.3
63.200    557.7
63.220    485.9
63.240    518.4
63.260    577.4
63.280    470.0
63.300    515.5
63.320    433.2
63.340    510.2
63.360    524.3
63.380    499.6
63.400    486.2
63.420    593.9
63.440    522.7
63.460    496.8
63.480    469.1
63.500    464.1
63.520    469.1
63.540    478.5
63.560    480.9
63.580    492.3
63.600    463.3
63.620    507.6
63.640    517.8
63.660    551.6
63.680    452.0
63.700    443.6
63.720    488.7
63.740    503.5
63.760    529.4
63.780    470.8
63.800    550.1
63.820    499.7
63.840    503.0
63.860    491.8
63.880    541.9
63.900    509.2
63.920    518.1
63.940    501.4
63.960    462.2
63.980    505.8
64.000    493.0
64.020    473.5
64.040    515.9
64.060    480.5
64.080    528.9
64.100    514.4
64.120    540.1
64.140    460.8
64.160    499.0
64.180    436.3
64.200    548.5
64.220    484.9
64.240    525.2
64.260    520.3
64.280    538.3
64.300    464.9
64.320    478.9
64.340    445.8
64.360    487.6
64.380    487.0
64.400    493.5
64.420    494.8
64.440    447.1
64.460    516.5
64.480    511.8
64.500    551.8
64.520    487.1
64.540    502.1
64.560    515.1
64.580    535.1
64.600    440.3
64.620    515.3
64.640    447.8
64.660    531.1
64.680    495.5
64.700    508.5
64.720    477.5
64.740    440.3
64.760    511.2
64.780    563.2
64.800    545.6
64.820    445.3
64.840    502.2
64.860    487.5
64.880    506.3
64.900    489.0
64.920    532.4
64.940    505.2
64.960    508.0
64.980    505.7
65.000    494.1
65.020    479.2
65.040    492.8
65.060    523.7
65.080    534.3
65.100    489.0
65.120    517.4
65.140    489.6
65.160    499.2
65.180    524.8
65.200    503.6
65.220    471.9
65.240    506.6
65.260    492.2
65.280    436.8
65.300    531.0
65.320    507.7
65.340    475.7
65.360    488.2
65.380    534.7
65.400    503.0
65.420    466.2
65.440    485.0
65.460    559.5
65.480    519.9
65.500    465.9
65.520    481.2
65.540    476.5
65.560    499.5
65.580    477.7
65.600    519.5
65.620    525.1
65.640    481.0
65.660    532.2
65.680    469.3
65.700    517.3
65.720    516.2
65.740    535.5
65.760    463.5
65.780    488.9
65.800    501.4
65.820    476.6
65.840    557.0
65.860    470.1
65.880    456.7
65.900    543.6
65.920    483.7
65.940    487.4
65.960    520.3
65.980    468.3
66.000    481.1
66.020    490.1
66.040    524.8
66.060    523.0
66.080    473.0
66.100    490.9
66.120    478.7
66.140    519.4
66.160    466.3
66.180    515.9
66.200    509.4
66.220    537.2
66.240    532.2
66.260    517.3
66.280    481.6
66.300    437.0
66.320    526.6
66.340    516.4
66.360    481.6
66.380    474.3
66.400    510.0
66.420    498.7
66.440    481.2
66.460    485.1
66.480    459.3
66.500    476.1
66.520    496.9
66.540    467.4
66.560    461.4
66.580    463.9
66.600    490.9
66.620    502.3
66.640    514.2
66.660    499.8
66.680    510.4
66.700    552.8
66.720    541.5
66.740    501.8
66.760    461.4
66.780    471.0
66.800    477.3
66.820    455.3
66.840    435.5
66.860    516.6
66.880    483.9
66.900    486.3
66.920    481.2
66.940    500.5
66.960    484.9
66.980    517.0
67.000    438.7
67.020    460.8
67.040    524.0
67.060    500.2
67.080    526.0
67.100    457.6
67.120    534.1
67.140    493.1
67.160    528.2
67.180    481.5
67.200    497.7
67.220    438.2
67.240    470.1
67.260    483.8
67.280    464.9
67.300    484.9
67.320    497.5
67.340    510.7
67.360    463.3
67.380    507.9
67.400    497.0
67.420    491.0
67.440    493.4
67.460    458.6
67.480    506.4
67.500    436.5
67.520    455.2
67.540    501.1
67.560    502.0
67.580    436.6
67.600    515.4
67.620    477.6
67.640    529.0
67.660    465.1
67.680    478.8
67.700    477.3
67.720    479.4
67.740    528.1
67.760    524.1
67.780    485.5
67.800    491.9
67.820    517.2
67.840    496.7
67.860    499.7
67.880    505.8
67.900    501.6
67.920    418.0
67.940    442.1
67.960    541.4
67.980    518.6
68.000    503.1
68.020    526.8
68.040    434.9
68.060    490.9
68.080    527.2
68.100    499.4
68.120    522.5
68.140    463.5
68.160    470.0
68.180    520.0
68.200    475.9
68.220    538.8
68.240    543.8
68.260    452.2
68.280    485.8
68.300    509.0
68.320    521.8
68.340    425.6
68.360    488.1
68.380    535.3
68.400    509.0
68.420    468.8
68.440    550.7
68.460    518.6
68.480    501.5
68.500    475.5
68.520    509.8
68.540    477.8
68.560    511.4
68.580    462.0
68.600    490.0
68.620    534.0
68.640    474.7
68.660    522.3
68.680    496.1
68.700    461.1
68.720    516.2
68.740    446.0
68.760    481.3
68.780    449.5
68.800    525.2
68.820    504.4
68.840    484.1
68.860    545.6
68.880    468.5
68.900    510.5
68.920    491.5
68.940    510.4
68.960    494.9
68.980    519.5
69.000    462.9
69.020    499.5
69.040    489.1
69.060    470.8
69.080    503.3
69.100    514.6
69.120    473.4
69.140    518.9
69.160    460.5
69.180    499.1
69.200    508.7
69.220    525.1
69.240    494.6
69.260    490.2
69.280    483.2
69.300    487.7
69.320    497.0
69.340    547.8
69.360    449.7
69.380    538.5
69.400    511.6
69.420    508.6
69.440    494.0
69.460    511.0
69.480    479.2
69.500    513.0
69.520    518.2
69.540    495.8
69.560    510.4
69.580    515.4
69.600    496.5
69.620    551.9
69.640    517.5
69.660    468.5
69.680    541.8
69.700    483.1
69.720    458.9
69.740    479.3
69.760    502.3
69.780    520.3
69.800    515.5
69.820    484.3
69.840    528.5
69.860    524.6
69.880    516.8
69.900    519.3
69.920    516.9
69.940    531.9
69.960    538.1
69.980    510.5
70.000    506.3
70.020    468.3
70.040    509.5
70.060    515.4
70.080    514.8
70.100    456.9
70.120    534.9
70.140    469.1
70.160    480.1
70.180    557.4
70.200    451.8
70.220    503.2
70.240    501.0
70.260    545.8
70.280    561.8
70.300    470.0
70.320    485.9
70.340    501.5
70.360    480.1
70.380    538.6
70.400    528.3
70.420    443.9
70.440    469.6
70.460    522.8
70.480    499.0
70.500    481.3
70.520    425.0
70.540    489.2
70.560    440.5
70.580    473.8
70.600    500.7
70.620    522.5
70.640    474.9
70.660    492.7
70.680    514.8
70.700    507.1
70.720    542.2
70.740    485.7
70.760    500.1
70.780    465.8
70.800    480.4
70.820    485.9
70.840    504.5
70.860    503.9
70.880    548.3
70.900    508.3
70.920    523.4
70.940    514.9
70.960    469.9
70.980    428.5
71.000    528.2
71.020    516.7
71.040    498.4
71.060    500.0
71.080    452.9
71.100    581.1
71.120    428.7
71.140    517.7
71.160    486.1
71.180    474.0
71.200    511.2
71.220    505.5
71.240    516.2
71.260    525.0
71.280    464.6
71.300    460.6
71.320    514.9
71.340    470.1
71.360    493.5
71.380    524.6
71.400    511.2
71.420    442.6
71.440    521.6
71.460    515.7
71.480    498.5
71.500    486.2
71.520    490.1
71.540    517.7
71.560    500.3
71.580    482.1
71.600    489.8
71.620    572.8
71.640    470.3
71.660    509.6
71.680    530.0
71.700    534.0
71.720    497.8
71.740    448.1
71.760    502.9
71.780    533.5
71.800    419.4
71.820    495.6
71.840    495.2
71.860    522.4
71.880    489.7
71.900    469.8
71.920    509.2
71.940    455.1
71.960    478.6
71.980    468.9
72.000    519.8
72.020    516.7
72.040    521.3
72.060    454.8
72.080    490.3
72.100    562.6
72.120    458.4
72.140    533.0
72.160    517.2
72.180    513.2
72.200    427.2
72.220    524.8
72.240    510.2
72.260    539.0
72.280    465.4
72.300    498.0
72.320    524.0
72.340    523.6
72.360    537.3
72.380    520.4
72.400    476.7
72.420    469.1
72.440    517.1
72.460    501.8
72.480    523.2
72.500    495.1
72.520    473.4
72.540    497.0
72.560    491.8
72.580    490.9
72.600    462.2
72.620    454.4
72.640    505.4
72.660    498.5
72.680    511.5
72.700    502.0
72.720    493.3
72.740    438.7
72.760    545.9
72.780    563.2
72.800    498.0
72.820    480.3
72.840    509.4
72.860    497.0
72.880    550.3
72.900    480.9
72.920    526.3
72.940    476.3
72.960    454.5
72.980    488.9
73.000    573.0
73.020    525.6
73.040    502.4
73.060    482.6
73.080    480.0
73.100    490.7
73.120    560.6
73.140    518.7
73.160    441.2
73.180    489.1
73.200    509.6
73.220    465.7
73.240    484.3
73.260    536.0
73.280    480.1
73.300    498.7
73.320    507.2
73.340    539.0
73.360    525.8
73.380    562.0
73.400    480.4
73.420    514.0
73.440    512.2
73.460    535.1
73.480    441.2
73.500    488.9
73.520    507.5
73.540    489.4
73.560    405.7
73.580    461.3
73.600    511.9
73.620    536.1
73.640    472.1
73.660    511.8
73.680    473.0
73.700    486.5
73.720    463.2
73.740    467.1
73.760    545.3
73.780    499.1
73.800    479.1
73.820    523.1
73.840    484.9
73.860    520.2
73.880    498.9
73.900    511.3
73.920    470.7
73.940    508.3
73.960    510.1
73.980    527.0
74.000    533.2
74.020    482.6
74.040    527.1
74.060    477.2
74.080    495.1
74.100    521.9
74.120    489.9
74.140    502.9
74.160    504.2
74.180    508.0
74.200    477.9
74.220    526.5
74.240    459.7
74.260    453.7
74.280    533.9
74.300    493.4
74.320    476.9
74.340    423.7
74.360    530.4
74.380    446.7
74.400    465.7
74.420    534.3
74.440    550.0
74.460    461.7
74.480    497.2
74.500    529.7
74.520    453.8
74.540    536.2
74.560    438.5
74.580    495.8
74.600    495.3
74.620    507.5
74.640    535.4
74.660    459.7
74.680    450.6
74.700    515.7
74.720    551.1
74.740    469.4
74.760    438.0
74.780    488.1
74.800    558.7
74.820    446.5
74.840    509.8
74.860    528.4
74.880    463.8
74.900    504.3
74.920    479.1
74.940    445.0
74.960    472.9
74.980    530.6
75.000    497.3
75.020    522.8
75.040    503.6
75.060    457.3
75.080    489.3
75.100    462.8
75.120    462.9
75.140    463.8
75.160    491.8
75.180    485.1
75.200    480.5
75.220    540.7
75.240    474.2
75.260    518.7
75.280    511.2
75.300    514.6
75.320    505.7
75.340    559.9
75.360    474.0
75.380    464.6
75.400    494.9
75.420    447.0
75.440    536.2
75.460    488.8
75.480    521.7
75.500    505.9
75.520    545.9
75.540    461.1
75.560    472.2
75.580    511.2
75.600    493.0
75.620    486.4
75.640    459.3
75.660    470.3
75.680    510.6
75.700    459.0
75.720    463.2
75.740    473.5
75.760    547.2
75.780    492.0
75.800    517.4
75.820    493.0
75.840    526.6
75.860    548.2
75.880    483.6
75.900    459.6
75.920    482.1
75.940    512.8
75.960    469.2
75.980    519.1
76.000    491.8
76.020    512.3
76.040    516.2
76.060    458.5
76.080    524.6
76.100    542.6
76.120    532.3
76.140    483.0
76.160    482.4
76.180    502.2
76.200    495.3
76.220    480.1
76.240    509.1
76.260    498.2
76.280    456.6
76.300    501.6
76.320    514.2
76.340    504.3
76.360    457.9
76.380    492.2
76.400    471.5
76.420    496.7
76.440    473.4
76.460    540.0
76.480    510.4
76.500    507.2
76.520    503.0
76.540    460.1
76.560    516.0
76.580    492.7
76.600    485.0
76.620    485.1
76.640    475.9
76.660    506.8
76.680    509.9
76.700    494.3
76.720    434.3
76.740    488.5
76.760    479.3
76.780    527.1
76.800    477.6
76.820    444.7
76.840    515.0
76.860    469.0
76.880    459.6
76.900    449.0
76.920    525.0
76.940    493.9
76.960    482.7
76.980    480.1
77.000    546.5
77.020    510.0
77.040    503.0
77.060    501.0
77.080    511.3
77.100    538.9
77.120    498.8
77.140    554.5
77.160    464.0
77.180    505.5
77.200    509.6
77.220    487.7
77.240    543.7
77.260    528.6
77.280    522.1
77.300    482.5
77.320    479.5
77.340    485.5
77.360    559.9
77.380    501.3
77.400    514.6
77.420    511.5
77.440    499.4
77.460    473.9
77.480    475.9
77.500    569.7
77.520    481.2
77.540    504.1
77.560    493.6
77.580    506.2
77.600    509.7
77.620    451.7
77.640    481.4
77.660    451.8
77.680    438.3
77.700    483.5
77.720    462.2
77.740    501.5
77.760    541.6
77.780    469.6
77.800    481.6
77.820    482.4
77.840    419.1
77.860    473.4
77.880    523.3
77.900    496.4
77.920    537.5
77.940    506.9
77.960    520.2
77.980    533.1
78.000    494.3
78.020    459.0
78.040    523.3
78.060    516.9
78.080    510.0
78.100    565.8
78.120    475.5
78.140    558.2
78.160    470.1
78.180    478.8
78.200    509.4
78.220    522.6
78.240    514.7
78.260    527.9
78.280    496.2
78.300    503.5
78.320    454.4
78.340    521.4
78.360    484.7
78.380    458.7
78.400    454.6
78.420    463.7
78.440    593.7
78.460    498.1
78.480    520.6
78.500    472.0
78.520    516.8
78.540    471.9
78.560    510.2
78.580    541.7
78.600    510.7
78.620    549.6
78.640    481.1
78.660    508.8
78.680    510.3
78.700    555.5
78.720    561.9
78.740    489.3
78.760    498.8
78.780    529.0
78.800    492.9
78.820    541.2
78.840    488.5
78.860    523.4
78.880    491.1
78.900    458.7
78.920    576.2
78.940    489.9
78.960    534.5
78.980    459.8
79.000    560.2
79.020    529.1
79.040    497.7
79.060    532.9
79.080    467.9
79.100    514.6
79.120    485.3
79.140    514.4
79.160    502.3
79.180    440.3
79.200    492.5
79.220    509.7
79.240    478.5
79.260    548.7
79.280    527.7
79.300    501.9
79.320    521.7
79.340    480.0
79.360    513.8
79.380    475.8
79.400    507.1
79.420    505.0
79.440    485.4
79.460    503.0
79.480    525.4
79.500    498.8
79.520    510.0
79.540    461.2
79.560    473.3
79.580    495.3
79.600    474.7
79.620    519.7
79.640    519.8
79.660    507.4
79.680    518.3
79.700    513.7
79.720    520.3
79.740    485.3
79.760    455.8
79.780    506.9
79.800    495.9
79.820    487.3
79.840    505.1
79.860    499.2
79.880    462.9
79.900    522.3
79.920    492.0
79.940    489.3
79.960    545.1
79.980    471.5
80.000    480.3
