# SYNTHETIC DATA – not measured – generated by make_demo_data.py
# Sample: Bare 5um
# Date: 2025-06-20
# 2Theta (deg)    Intensity (counts)
20.000    2076.4
20.020    2130.3
20.040    2101.8
20.060    2048.4
20.080    2070.6
20.100    2121.9
20.120    2102.3
20.140    2146.9
20.160    2060.3
20.180    2189.4
20.200    2189.9
20.220    2097.3
20.240    2139.1
20.260    2137.1
20.280    2151.3
20.300    2199.4
20.320    2162.0
20.340    2156.9
20.360    2213.2
20.380    2239.6
20.400    2192.6
20.420    2221.9
20.440    2176.1
20.460    2256.9
20.480    2302.8
20.500    2258.2
20.520    2244.6
20.540    2190.5
20.560    2249.6
20.580    2202.5
20.600    2295.7
20.620    2332.9
20.640    2327.0
20.660    2295.2
20.680    2311.2
20.700    2281.0
20.720    2314.7
20.740    2320.5
20.760    2318.6
20.780    2241.9
20.800    2337.8
20.820    2349.0
20.840    2316.8
20.860    2358.5
20.880    2375.3
20.900    2288.6
20.920    2388.0
20.940    2348.8
20.960    2333.2
20.980    2378.0
21.000    2353.2
21.020    2367.3
21.040    2354.9
21.060    2369.7
21.080    2357.4
21.100    2381.0
21.120    2369.7
21.140    2365.9
21.160    2445.1
21.180    2417.0
21.200    2433.4
21.220    2477.8
21.240    2448.7
21.260    2432.2
21.280    2401.3
21.300    2463.5
21.320    2457.0
21.340    2477.6
21.360    2444.7
21.380    2440.3
21.400    2389.8
21.420    2474.7
21.440    2412.3
21.460    2447.3
21.480    2480.4
21.500    2469.6
21.520    2466.8
21.540    2485.9
21.560    2419.1
21.580    2477.8
21.600    2517.4
21.620    2516.2
21.640    2435.5
21.660    2513.1
21.680    2498.9
21.700    2456.3
21.720    2446.1
21.740    2485.1
21.760    2534.0
21.780    2507.0
21.800    2463.7
21.820    2497.3
21.840    2527.5
21.860    2492.8
21.880    2481.9
21.900    2511.2
21.920    2432.4
21.940    2511.2
21.960    2455.4
21.980    2495.3
22.000    2509.2
22.020    2493.5
22.040    2474.5
22.060    2485.6
22.080    2522.5
22.100    2454.7
22.120    2468.4
22.140    2505.4
22.160    2519.6
22.180    2493.5
22.200    2476.6
22.220    2513.9
22.240    2478.8
22.260    2553.4
22.280    2529.7
22.300    2545.6
22.320    2455.8
22.340    2469.0
22.360    2473.7
22.380    2441.7
22.400    2462.1
22.420    2506.0
22.440    2442.9
22.460    2463.1
22.480    2516.4
22.500    2477.1
22.520    2480.7
22.540    2462.9
22.560    2440.2
22.580    2445.6
22.600    2462.3
22.620    2432.9
22.640    2449.5
22.660    2430.9
22.680    2438.9
22.700    2486.9
22.720    2454.0
22.740    2390.9
22.760    2421.9
22.780    2481.2
22.800    2476.8
22.820    2380.2
22.840    2426.2
22.860    2408.7
22.880    2326.1
22.900    2409.3
22.920    2457.7
22.940    2369.2
22.960    2377.5
22.980    2412.0
23.000    2363.8
23.020    2359.1
23.040    2376.9
23.060    2318.5
23.080    2373.7
23.100    2312.3
23.120    2349.8
23.140    2368.3
23.160    2389.0
23.180    2308.2
23.200    2334.1
23.220    2329.0
23.240    2259.7
23.260    2307.1
23.280    2311.5
23.300    2315.5
23.320    2354.1
23.340    2290.3
23.360    2279.1
23.380    2272.2
23.400    2268.1
23.420    2277.3
23.440    2304.9
23.460    2217.3
23.480    2244.1
23.500    2162.8
23.520    2178.4
23.540    2228.3
23.560    2151.3
23.580    2220.2
23.600    2243.0
23.620    2169.6
23.640    2167.1
23.660    2182.4
23.680    2159.1
23.700    2166.3
23.720    2139.2
23.740    2180.4
23.760    2155.9
23.780    2137.1
23.800    2062.3
23.820    2102.7
23.840    2118.2
23.860    2131.1
23.880    2081.7
23.900    2113.0
23.920    2112.9
23.940    2060.7
23.960    2093.9
23.980    2058.2
24.000    2021.9
24.020    2046.8
24.040    2080.7
24.060    2044.6
24.080    2025.2
24.100    2042.4
24.120    2030.6
24.140    2006.8
24.160    1936.1
24.180    1906.9
24.200    1926.3
24.220    2018.3
24.240    1980.6
24.260    1903.4
24.280    1966.5
24.300    1891.1
24.320    1931.4
24.340    1945.4
24.360    1905.1
24.380    1924.8
24.400    1918.4
24.420    1831.7
24.440    1871.9
24.460    1880.6
24.480    1841.6
24.500    1807.1
24.520    1884.3
24.540    1839.1
24.560    1805.1
24.580    1786.9
24.600    1804.0
24.620    1832.8
24.640    1773.7
24.660    1795.4
24.680    1780.8
24.700    1756.7
24.720    1755.3
24.740    1748.4
24.760    1709.3
24.780    1686.2
24.800    1742.0
24.820    1756.0
24.840    1721.5
24.860    1670.0
24.880    1688.1
24.900    1662.7
24.920    1628.3
24.940    1631.1
24.960    1636.0
24.980    1660.9
25.000    1602.1
25.020    1661.7
25.040    1620.1
25.060    1646.7
25.080    1632.0
25.100    1599.8
25.120    1589.1
25.140    1586.6
25.160    1577.9
25.180    1582.1
25.200    1607.4
25.220    1563.1
25.240    1583.2
25.260    1556.0
25.280    1508.5
25.300    1526.0
25.320    1521.9
25.340    1520.6
25.360    1474.6
25.380    1510.2
25.400    1451.6
25.420    1455.8
25.440    1472.4
25.460    1449.5
25.480    1410.7
25.500    1389.8
25.520    1404.5
25.540    1391.0
25.560    1467.7
25.580    1364.4
25.600    1345.1
25.620    1445.5
25.640    1321.6
25.660    1346.0
25.680    1370.7
25.700    1348.3
25.720    1349.4
25.740    1378.5
25.760    1394.4
25.780    1323.3
25.800    1319.8
25.820    1291.9
25.840    1277.3
25.860    1272.4
25.880    1284.3
25.900    1255.4
25.920    1271.0
25.940    1240.6
25.960    1214.4
25.980    1229.0
26.000    1223.9
26.020    1208.8
26.040    1203.7
26.060    1225.2
26.080    1162.8
26.100    1222.1
26.120    1169.3
26.140    1176.3
26.160    1210.6
26.180    1194.1
26.200    1104.4
26.220    1162.6
26.240    1185.8
26.260    1109.9
26.280    1118.0
26.300    1165.3
26.320    1079.8
26.340    1164.3
26.360    1064.9
26.380    1076.7
26.400    1075.2
26.420    1072.1
26.440    1101.7
26.460    1084.8
26.480    1071.1
26.500    1066.0
26.520    1004.6
26.540    1027.7
26.560    1073.0
26.580    998.4
26.600    1070.2
26.620    1016.7
26.640    985.1
26.660    1033.5
26.680    1026.6
26.700    978.0
26.720    975.0
26.740    960.5
26.760    961.7
26.780    905.3
26.800    948.5
26.820    1001.6
26.840    942.5
26.860    964.0
26.880    971.8
26.900    946.4
26.920    921.5
26.940    914.3
26.960    908.8
26.980    929.8
27.000    903.6
27.020    932.4
27.040    958.2
27.060    915.1
27.080    851.9
27.100    900.1
27.120    878.9
27.140    867.8
27.160    852.9
27.180    862.2
27.200    962.1
27.220    954.6
27.240    908.9
27.260    824.2
27.280    852.0
27.300    874.9
27.320    827.9
27.340    852.1
27.360    862.5
27.380    871.5
27.400    833.7
27.420    826.1
27.440    804.4
27.460    797.2
27.480    807.1
27.500    795.2
27.520    818.1
27.540    800.0
27.560    779.6
27.580    826.8
27.600    768.4
27.620    792.5
27.640    785.6
27.660    749.0
27.680    762.5
27.700    766.2
27.720    738.3
27.740    712.0
27.760    827.0
27.780    724.9
27.800    730.9
27.820    729.2
27.840    733.1
27.860    755.9
27.880    750.7
27.900    705.6
27.920    730.6
27.940    736.8
27.960    707.8
27.980    743.8
28.000    715.1
28.020    731.7
28.040    670.5
28.060    751.7
28.080    691.0
28.100    663.3
28.120    663.9
28.140    664.7
28.160    694.8
28.180    615.0
28.200    651.1
28.220    710.2
28.240    712.0
28.260    640.5
28.280    674.7
28.300    674.8
28.320    658.8
28.340    646.4
28.360    685.5
28.380    650.8
28.400    662.5
28.420    677.7
28.440    623.5
28.460    622.2
28.480    714.1
28.500    614.9
28.520    676.5
28.540    676.0
28.560    641.4
28.580    626.9
28.600    631.6
28.620    609.6
28.640    630.4
28.660    621.1
28.680    609.7
28.700    612.6
28.720    646.4
28.740    619.8
28.760    611.1
28.780    672.7
28.800    613.0
28.820    630.2
28.840    583.7
28.860    576.7
28.880    620.5
28.900    633.1
28.920    513.5
28.940    621.0
28.960    622.2
28.980    598.1
29.000    614.6
29.020    562.3
29.040    603.5
29.060    557.1
29.080    581.2
29.100    575.4
29.120    589.6
29.140    543.3
29.160    589.8
29.180    591.0
29.200    612.9
29.220    559.9
29.240    590.5
29.260    554.6
29.280    588.0
29.300    552.3
29.320    538.2
29.340    551.1
29.360    613.9
29.380    609.7
29.400    567.6
29.420    567.6
29.440    574.3
29.460    517.7
29.480    619.8
29.500    531.8
29.520    522.7
29.540    552.2
29.560    527.7
29.580    564.8
29.600    573.5
29.620    543.5
29.640    557.2
29.660    533.3
29.680    500.1
29.700    512.1
29.720    607.4
29.740    544.1
29.760    492.0
29.780    512.1
29.800    519.2
29.820    565.9
29.840    546.3
29.860    584.9
29.880    597.7
29.900    558.7
29.920    556.0
29.940    575.9
29.960    526.2
29.980    529.7
30.000    487.5
30.020    559.4
30.040    509.5
30.060    543.1
30.080    605.7
30.100    493.4
30.120    517.9
30.140    501.4
30.160    497.1
30.180    551.6
30.200    481.5
30.220    537.6
30.240    530.7
30.260    559.0
30.280    473.8
30.300    488.8
30.320    555.0
30.340    470.2
30.360    529.3
30.380    557.1
30.400    477.4
30.420    490.5
30.440    547.9
30.460    483.1
30.480    545.3
30.500    555.2
30.520    520.7
30.540    516.5
30.560    517.2
30.580    498.0
30.600    541.5
30.620    538.5
30.640    516.5
30.660    525.2
30.680    474.3
30.700    486.7
30.720    450.5
30.740    496.8
30.760    539.7
30.780    521.6
30.800    497.8
30.820    500.9
30.840    500.2
30.860    543.5
30.880    476.9
30.900    547.7
30.920    527.0
30.940    466.7
30.960    529.2
30.980    532.7
31.000    498.4
31.020    564.2
31.040    486.3
31.060    498.5
31.080    516.2
31.100    524.9
31.120    504.0
31.140    536.5
31.160    490.6
31.180    524.0
31.200    504.0
31.220    508.8
31.240    478.4
31.260    504.1
31.280    461.8
31.300    463.7
31.320    501.8
31.340    530.9
31.360    475.4
31.380    520.0
31.400    572.6
31.420    522.0
31.440    523.7
31.460    500.7
31.480    447.2
31.500    492.2
31.520    506.7
31.540    471.0
31.560    509.9
31.580    482.2
31.600    529.4
31.620    507.2
31.640    511.4
31.660    515.8
31.680    499.1
31.700    551.0
31.720    470.4
31.740    478.8
31.760    501.7
31.780    507.2
31.800    463.4
31.820    532.6
31.840    497.1
31.860    522.2
31.880    485.8
31.900    487.8
31.920    511.2
31.940    489.5
31.960    482.7
31.980    511.4
32.000    525.6
32.020    495.4
32.040    514.9
32.060    478.5
32.080    514.1
32.100    476.6
32.120    511.5
32.140    471.1
32.160    508.6
32.180    530.3
32.200    504.2
32.220    452.3
32.240    544.1
32.260    481.7
32.280    435.2
32.300    555.0
32.320    481.5
32.340    520.1
32.360    507.2
32.380    556.2
32.400    547.2
32.420    448.1
32.440    512.8
32.460    467.9
32.480    496.9
32.500    493.4
32.520    493.9
32.540    462.7
32.560    517.8
32.580    523.2
32.600    522.7
32.620    554.9
32.640    493.5
32.660    471.9
32.680    501.4
32.700    422.9
32.720    490.3
32.740    461.5
32.760    464.2
32.780    458.6
32.800    460.7
32.820    504.7
32.840    445.9
32.860    466.5
32.880    497.8
32.900    487.5
32.920    534.6
32.940    497.7
32.960    554.8
32.980    520.5
33.000    464.0
33.020    490.5
33.040    541.5
33.060    455.7
33.080    466.5
33.100    440.6
33.120    492.1
33.140    523.6
33.160    528.8
33.180    490.0
33.200    455.5
33.220    502.5
33.240    490.6
33.260    519.4
33.280    502.5
33.300    531.5
33.320    478.8
33.340    497.5
33.360    492.9
33.380    483.2
33.400    510.0
33.420    445.8
33.440    451.5
33.460    422.3
33.480    497.7
33.500    520.2
33.520    509.3
33.540    544.4
33.560    500.6
33.580    470.2
33.600    507.5
33.620    503.1
33.640    503.2
33.660    530.5
33.680    472.6
33.700    474.3
33.720    496.6
33.740    534.0
33.760    475.7
33.780    538.1
33.800    539.3
33.820    487.6
33.840    480.3
33.860    496.4
33.880    452.9
33.900    544.9
33.920    504.5
33.940    532.0
33.960    480.4
33.980    505.1
34.000    494.7
34.020    547.5
34.040    467.5
34.060    535.3
34.080    500.6
34.100    498.2
34.120    447.5
34.140    494.8
34.160    486.7
34.180    516.2
34.200    484.4
34.220    480.4
34.240    526.1
34.260    505.7
34.280    485.7
34.300    504.8
34.320    514.6
34.340    493.7
34.360    496.2
34.380    544.2
34.400    497.5
34.420    434.3
34.440    523.6
34.460    537.9
34.480    529.4
34.500    526.9
34.520    438.3
34.540    471.8
34.560    500.8
34.580    502.7
34.600    497.1
34.620    459.5
34.640    477.1
34.660    486.3
34.680    525.0
34.700    560.3
34.720    450.3
34.740    499.3
34.760    469.1
34.780    525.0
34.800    503.9
34.820    510.3
34.840    499.6
34.860    476.8
34.880    475.8
34.900    488.1
34.920    524.1
34.940    555.6
34.960    527.6
34.980    490.6
35.000    543.9
35.020    507.5
35.040    498.8
35.060    499.4
35.080    469.3
35.100    453.6
35.120    476.0
35.140    490.7
35.160    502.2
35.180    460.4
35.200    490.9
35.220    444.3
35.240    535.1
35.260    480.6
35.280    466.4
35.300    517.2
35.320    498.5
35.340    467.0
35.360    548.8
35.380    473.0
35.400    511.0
35.420    481.3
35.440    521.0
35.460    521.2
35.480    477.9
35.500    477.2
35.520    533.2
35.540    505.9
35.560    525.9
35.580    509.2
35.600    531.6
35.620    517.2
35.640    485.3
35.660    546.2
35.680    498.7
35.700    503.4
35.720    508.5
35.740    536.9
35.760    477.8
35.780    502.0
35.800    497.0
35.820    493.1
35.840    468.9
35.860    419.5
35.880    477.4
35.900    528.4
35.920    496.3
35.940    486.7
35.960    493.3
35.980    524.7
36.000    495.1
36.020    489.9
36.040    513.5
36.060    530.1
36.080    509.9
36.100    505.0
36.120    449.5
36.140    450.8
36.160    499.6
36.180    481.8
36.200    481.8
36.220    505.0
36.240    519.0
36.260    581.0
36.280    471.1
36.300    504.1
36.320    567.3
36.340    475.8
36.360    515.6
36.380    466.6
36.400    534.6
36.420    477.1
36.440    516.2
36.460    522.6
36.480    485.6
36.500    456.1
36.520    474.3
36.540    503.0
36.560    514.6
36.580    521.5
36.600    472.5
36.620    539.0
36.640    512.9
36.660    498.6
36.680    480.3
36.700    469.7
36.720    434.0
36.740    481.8
36.760    495.7
36.780    543.2
36.800    520.3
36.820    463.9
36.840    517.3
36.860    466.7
36.880    560.3
36.900    576.1
36.920    510.7
36.940    484.1
36.960    540.6
36.980    513.4
37.000    516.4
37.020    508.8
37.040    481.2
37.060    520.1
37.080    537.5
37.100    507.6
37.120    491.5
37.140    490.4
37.160    522.4
37.180    531.2
37.200    492.8
37.220    464.7
37.240    512.6
37.260    491.5
37.280    506.6
37.300    558.3
37.320    541.3
37.340    443.3
37.360    473.5
37.380    501.8
37.400    450.8
37.420    442.1
37.440    488.0
37.460    485.3
37.480    489.5
37.500    506.2
37.520    477.4
37.540    491.2
37.560    492.9
37.580    526.9
37.600    438.3
37.620    509.6
37.640    440.8
37.660    451.5
37.680    505.7
37.700    506.4
37.720    505.2
37.740    493.6
37.760    497.6
37.780    473.4
37.800    501.1
37.820    535.8
37.840    434.3
37.860    488.0
37.880    473.4
37.900    449.1
37.920    486.3
37.940    491.6
37.960    412.9
37.980    428.4
38.000    494.7
38.020    489.3
38.040    537.7
38.060    484.5
38.080    532.5
38.100    484.7
38.120    462.8
38.140    504.5
38.160    487.1
38.180    494.9
38.200    424.0
38.220    509.8
38.240    494.6
38.260    505.4
38.280    511.0
38.300    548.0
38.320    496.7
38.340    494.9
38.360    527.0
38.380    532.4
38.400    508.7
38.420    490.3
38.440    484.8
38.460    480.1
38.480    478.0
38.500    524.0
38.520    484.2
38.540    516.9
38.560    475.0
38.580    527.3
38.600    496.8
38.620    539.5
38.640    516.7
38.660    510.2
38.680    481.0
38.700    484.1
38.720    489.0
38.740    493.4
38.760    477.9
38.780    516.3
38.800    517.9
38.820    492.0
38.840    547.5
38.860    499.7
38.880    456.8
38.900    492.8
38.920    501.9
38.940    489.6
38.960    507.2
38.980    471.9
39.000    494.6
39.020    495.6
39.040    508.5
39.060    483.8
39.080    477.9
39.100    496.0
39.120    506.7
39.140    489.7
39.160    492.7
39.180    462.1
39.200    541.2
39.220    467.2
39.240    576.6
39.260    493.2
39.280    538.2
39.300    485.6
39.320    513.2
39.340    504.2
39.360    489.5
39.380    462.9
39.400    485.4
39.420    457.4
39.440    542.7
39.460    470.9
39.480    551.5
39.500    493.5
39.520    447.9
39.540    556.9
39.560    532.6
39.580    488.6
39.600    483.2
39.620    481.7
39.640    530.9
39.660    459.3
39.680    484.2
39.700    530.1
39.720    557.9
39.740    481.2
39.760    484.8
39.780    477.1
39.800    527.1
39.820    475.8
39.840    492.5
39.860    513.4
39.880    518.9
39.900    523.5
39.920    475.9
39.940    503.7
39.960    510.6
39.980    524.4
40.000    543.5
40.020    528.0
40.040    478.5
40.060    507.0
40.080    468.0
40.100    542.5
40.120    495.1
40.140    496.6
40.160    510.3
40.180    485.0
40.200    521.9
40.220    522.6
40.240    507.9
40.260    501.9
40.280    402.6
40.300    488.1
40.320    515.8
40.340    508.6
40.360    395.1
40.380    519.0
40.400    527.6
40.420    478.1
40.440    470.6
40.460    500.2
40.480    466.5
40.500    465.5
40.520    456.2
40.540    533.8
40.560    497.6
40.580    476.7
40.600    461.5
40.620    513.7
40.640    482.4
40.660    485.7
40.680    491.1
40.700    484.2
40.720    507.1
40.740    527.5
40.760    456.6
40.780    466.8
40.800    508.5
40.820    469.7
40.840    494.7
40.860    539.6
40.880    512.3
40.900    530.0
40.920    532.4
40.940    531.1
40.960    506.7
40.980    544.2
41.000    481.5
41.020    481.6
41.040    517.6
41.060    474.5
41.080    503.1
41.100    484.7
41.120    531.1
41.140    517.2
41.160    532.8
41.180    485.4
41.200    447.3
41.220    535.5
41.240    548.3
41.260    475.6
41.280    467.3
41.300    446.1
41.320    534.4
41.340    462.2
41.360    506.3
41.380    506.2
41.400    481.5
41.420    491.9
41.440    484.0
41.460    521.9
41.480    540.0
41.500    537.9
41.520    454.6
41.540    460.2
41.560    482.8
41.580    509.5
41.600    519.4
41.620    434.8
41.640    500.9
41.660    523.0
41.680    498.2
41.700    494.0
41.720    443.0
41.740    541.5
41.760    512.7
41.780    486.6
41.800    482.9
41.820    522.6
41.840    535.2
41.860    491.8
41.880    458.0
41.900    513.3
41.920    476.8
41.940    494.0
41.960    489.6
41.980    465.1
42.000    536.5
42.020    461.4
42.040    540.2
42.060    472.7
42.080    491.7
42.100    498.5
42.120    511.2
42.140    469.1
42.160    553.6
42.180    494.8
42.200    549.4
42.220    526.5
42.240    500.5
42.260    479.2
42.280    515.1
42.300    514.7
42.320    479.2
42.340    502.6
42.360    550.9
42.380    685.6
42.400    1140.1
42.420    2673.4
42.440    6393.4
42.460    13340.5
42.480    22970.7
42.500    31827.5
42.520    35493.2
42.540    31857.1
42.560    22968.6
42.580    13326.6
42.600    6347.3
42.620    2679.2
42.640    1124.4
42.660    678.8
42.680    492.4
42.700    523.2
42.720    517.2
42.740    466.3
42.760    563.2
42.780    477.1
42.800    502.8
42.820    486.0
42.840    487.2
42.860    471.9
42.880    477.8
42.900    512.2
42.920    450.0
42.940    495.1
42.960    499.5
42.980    501.4
43.000    499.7
43.020    557.7
43.040    500.4
43.060    496.3
43.080    478.2
43.100    540.1
43.120    538.4
43.140    471.2
43.160    469.0
43.180    469.2
43.200    528.8
43.220    506.5
43.240    521.6
43.260    470.9
43.280    498.1
43.300    499.9
43.320    532.2
43.340    475.4
43.360    420.4
43.380    491.3
43.400    532.2
43.420    553.1
43.440    436.5
43.460    515.2
43.480    524.2
43.500    506.2
43.520    486.8
43.540    514.3
43.560    498.9
43.580    546.3
43.600    481.9
43.620    555.2
43.640    500.1
43.660    483.5
43.680    531.8
43.700    501.4
43.720    526.5
43.740    517.4
43.760    487.6
43.780    493.5
43.800    560.1
43.820    468.0
43.840    513.3
43.860    536.6
43.880    521.3
43.900    538.6
43.920    475.7
43.940    525.0
43.960    534.3
43.980    451.7
44.000    514.8
44.020    487.6
44.040    481.9
44.060    524.8
44.080    511.2
44.100    540.5
44.120    513.4
44.140    447.4
44.160    482.9
44.180    511.4
44.200    523.1
44.220    482.7
44.240    516.8
44.260    480.0
44.280    537.3
44.300    508.1
44.320    512.3
44.340    420.9
44.360    501.7
44.380    505.2
44.400    476.7
44.420    482.4
44.440    520.6
44.460    480.0
44.480    504.6
44.500    437.8
44.520    517.1
44.540    440.9
44.560    440.4
44.580    498.5
44.600    474.1
44.620    459.0
44.640    508.3
44.660    487.8
44.680    539.4
44.700    500.6
44.720    532.9
44.740    471.3
44.760    505.3
44.780    585.2
44.800    512.9
44.820    474.8
44.840    485.1
44.860    488.3
44.880    514.9
44.900    436.9
44.920    524.6
44.940    510.3
44.960    491.1
44.980    527.7
45.000    441.7
45.020    587.5
45.040    597.5
45.060    739.1
45.080    891.5
45.100    1247.8
45.120    1639.5
45.140    2087.3
45.160    2341.1
45.180    2566.1
45.200    2389.1
45.220    2107.7
45.240    1646.6
45.260    1239.2
45.280    923.2
45.300    742.8
45.320    616.1
45.340    511.8
45.360    497.3
45.380    520.5
45.400    468.3
45.420    515.9
45.440    481.5
45.460    529.9
45.480    516.2
45.500    517.8
45.520    494.6
45.540    534.4
45.560    493.0
45.580    545.7
45.600    467.1
45.620    511.3
45.640    488.4
45.660    547.0
45.680    525.9
45.700    526.2
45.720    483.8
45.740    501.4
45.760    471.3
45.780    478.3
45.800    543.3
45.820    467.8
45.840    512.6
45.860    530.0
45.880    522.4
45.900    551.1
45.920    452.2
45.940    533.4
45.960    553.0
45.980    471.5
46.000    500.4
46.020    493.4
46.040    479.4
46.060    523.2
46.080    477.5
46.100    509.5
46.120    515.8
46.140    453.7
46.160    475.6
46.180    492.7
46.200    541.3
46.220    498.9
46.240    507.7
46.260    449.0
46.280    568.2
46.300    507.9
46.320    523.6
46.340    542.5
46.360    518.3
46.380    483.0
46.400    476.4
46.420    548.3
46.440    456.9
46.460    535.0
46.480    561.1
46.500    489.5
46.520    491.5
46.540    525.4
46.560    522.9
46.580    513.2
46.600    593.3
46.620    494.4
46.640    547.0
46.660    586.6
46.680    514.3
46.700    485.6
46.720    578.2
46.740    497.0
46.760    545.8
46.780    463.7
46.800    514.6
46.820    438.8
46.840    458.2
46.860    461.6
46.880    498.1
46.900    525.0
46.920    536.8
46.940    487.8
46.960    446.3
46.980    395.7
47.000    508.1
47.020    489.6
47.040    483.5
47.060    529.3
47.080    529.5
47.100    587.9
47.120    856.1
47.140    2589.6
47.160    11304.6
47.180    46269.0
47.200    155915.1
47.220    423028.2
47.240    920209.9
47.260    1603400.2
47.280    2237592.0
47.300    2500511.5
47.320    2237645.6
47.340    1603441.9
47.360    920189.1
47.380    423021.7
47.400    155981.6
47.420    46234.6
47.440    11323.6
47.460    2500.5
47.480    801.5
47.500    571.1
47.520    494.6
47.540    501.5
47.560    472.8
47.580    452.6
47.600    545.8
47.620    494.4
47.640    509.3
47.660    489.4
47.680    499.8
47.700    505.2
47.720    516.1
47.740    471.6
47.760    487.1
47.780    512.8
47.800    495.9
47.820    505.2
47.840    487.4
47.860    512.4
47.880    493.8
47.900    438.8
47.920    473.4
47.940    519.7
47.960    586.8
47.980    481.1
48.000    444.0
48.020    524.5
48.040    577.0
48.060    482.4
48.080    497.5
48.100    497.2
48.120    546.0
48.140    444.0
48.160    530.1
48.180    506.5
48.200    503.7
48.220    498.8
48.240    526.0
48.260    536.4
48.280    461.6
48.300    496.0
48.320    529.4
48.340    464.1
48.360    533.6
48.380    530.9
48.400    503.7
48.420    457.5
48.440    473.8
48.460    488.4
48.480    517.0
48.500    503.9
48.520    502.8
48.540    526.5
48.560    501.7
48.580    496.7
48.600    502.9
48.620    508.6
48.640    487.8
48.660    474.9
48.680    490.8
48.700    505.1
48.720    451.8
48.740    489.1
48.760    481.5
48.780    457.0
48.800    531.4
48.820    487.1
48.840    426.9
48.860    536.2
48.880    511.6
48.900    414.3
48.920    516.8
48.940    512.0
48.960    498.5
48.980    524.7
49.000    481.5
49.020    529.8
49.040    477.1
49.060    502.3
49.080    490.2
49.100    500.2
49.120    491.3
49.140    464.8
49.160    504.3
49.180    486.2
49.200    504.8
49.220    453.2
49.240    520.6
49.260    455.4
49.280    455.6
49.300    476.4
49.320    528.8
49.340    498.4
49.360    492.9
49.380    507.1
49.400    475.4
49.420    497.1
49.440    516.8
49.460    494.5
49.480    457.0
49.500    547.9
49.520    500.9
49.540    449.3
49.560    473.4
49.580    603.6
49.600    507.3
49.620    467.8
49.640    446.4
49.660    455.5
49.680    498.0
49.700    528.6
49.720    521.8
49.740    507.3
49.760    512.2
49.780    507.8
49.800    500.1
49.820    525.8
49.840    491.7
49.860    520.6
49.880    424.9
49.900    445.8
49.920    516.7
49.940    493.9
49.960    452.9
49.980    551.3
50.000    563.8
50.020    498.2
50.040    504.8
50.060    471.0
50.080    442.0
50.100    489.6
50.120    469.9
50.140    493.5
50.160    486.9
50.180    480.2
50.200    495.6
50.220    540.9
50.240    461.3
50.260    496.9
50.280    534.2
50.300    510.5
50.320    499.4
50.340    488.4
50.360    468.1
50.380    474.3
50.400    523.7
50.420    485.1
50.440    543.8
50.460    531.8
50.480    515.7
50.500    532.6
50.520    496.9
50.540    558.9
50.560    488.7
50.580    524.7
50.600    507.3
50.620    505.3
50.640    482.4
50.660    509.7
50.680    479.7
50.700    536.0
50.720    506.1
50.740    524.3
50.760    492.6
50.780    501.8
50.800    503.0
50.820    483.1
50.840    499.1
50.860    462.0
50.880    477.2
50.900    517.5
50.920    453.9
50.940    420.1
50.960    502.2
50.980    544.1
51.000    481.2
51.020    491.7
51.040    491.2
51.060    525.2
51.080    460.2
51.100    495.2
51.120    494.8
51.140    549.8
51.160    502.0
51.180    483.8
51.200    467.9
51.220    464.2
51.240    438.1
51.260    456.1
51.280    478.6
51.300    495.1
51.320    468.5
51.340    514.0
51.360    490.8
51.380    500.1
51.400    561.0
51.420    480.7
51.440    507.9
51.460    530.6
51.480    470.7
51.500    479.7
51.520    498.2
51.540    496.3
51.560    503.9
51.580    503.2
51.600    517.7
51.620    482.9
51.640    470.2
51.660    498.5
51.680    517.4
51.700    469.3
51.720    507.2
51.740    499.5
51.760    491.3
51.780    490.7
51.800    513.7
51.820    509.9
51.840    514.3
51.860    487.0
51.880    503.7
51.900    507.7
51.920    501.5
51.940    467.4
51.960    531.6
51.980    528.6
52.000    496.3
52.020    534.9
52.040    469.3
52.060    498.9
52.080    467.6
52.100    440.7
52.120    497.5
52.140    480.8
52.160    493.1
52.180    526.3
52.200    537.4
52.220    504.6
52.240    510.3
52.260    521.9
52.280    504.7
52.300    474.1
52.320    512.5
52.340    502.1
52.360    566.0
52.380    480.4
52.400    531.2
52.420    532.5
52.440    490.1
52.460    551.0
52.480    542.1
52.500    547.8
52.520    545.1
52.540    507.9
52.560    462.6
52.580    534.2
52.600    519.6
52.620    453.4
52.640    453.3
52.660    472.1
52.680    482.2
52.700    471.7
52.720    463.5
52.740    469.7
52.760    503.0
52.780    512.7
52.800    475.3
52.820    512.6
52.840    462.1
52.860    435.8
52.880    499.2
52.900    480.8
52.920    474.2
52.940    488.7
52.960    522.6
52.980    531.1
53.000    496.2
53.020    494.2
53.040    534.7
53.060    507.3
53.080    486.1
53.100    475.4
53.120    481.4
53.140    483.5
53.160    487.0
53.180    464.3
53.200    537.0
53.220    564.2
53.240    495.7
53.260    470.2
53.280    514.5
53.300    425.5
53.320    462.0
53.340    484.5
53.360    518.0
53.380    528.4
53.400    500.2
53.420    523.8
53.440    475.8
53.460    478.8
53.480    490.9
53.500    521.4
53.520    498.0
53.540    531.5
53.560    469.7
53.580    511.9
53.600    527.2
53.620    479.3
53.640    533.6
53.660    498.4
53.680    480.7
53.700    520.1
53.720    489.2
53.740    523.5
53.760    441.8
53.780    500.5
53.800    527.2
53.820    450.8
53.840    553.8
53.860    489.1
53.880    543.4
53.900    489.4
53.920    527.1
53.940    523.7
53.960    515.1
53.980    455.1
54.000    518.6
54.020    451.4
54.040    509.0
54.060    506.9
54.080    492.2
54.100    499.6
54.120    472.3
54.140    536.9
54.160    496.9
54.180    536.6
54.200    563.0
54.220    530.0
54.240    541.3
54.260    474.4
54.280    467.3
54.300    522.8
54.320    467.1
54.340    537.8
54.360    493.5
54.380    558.9
54.400    509.6
54.420    510.4
54.440    567.8
54.460    533.8
54.480    526.0
54.500    534.8
54.520    483.2
54.540    462.3
54.560    556.0
54.580    483.2
54.600    500.2
54.620    464.5
54.640    523.4
54.660    446.7
54.680    500.4
54.700    524.3
54.720    531.0
54.740    531.8
54.760    491.7
54.780    515.5
54.800    477.6
54.820    523.3
54.840    542.1
54.860    500.3
54.880    537.5
54.900    513.2
54.920    495.1
54.940    511.7
54.960    499.0
54.980    497.0
55.000    495.9
55.020    575.1
55.040    486.3
55.060    502.1
55.080    537.2
55.100    481.2
55.120    496.4
55.140    523.2
55.160    487.9
55.180    500.2
55.200    482.5
55.220    484.7
55.240    476.7
55.260    446.6
55.280    521.1
55.300    494.8
55.320    483.5
55.340    463.3
55.360    479.1
55.380    484.1
55.400    427.3
55.420    520.7
55.440    490.8
55.460    465.9
55.480    485.9
55.500    490.6
55.520    510.0
55.540    486.9
55.560    527.1
55.580    477.5
55.600    518.4
55.620    483.0
55.640    487.8
55.660    518.7
55.680    509.6
55.700    492.9
55.720    513.6
55.740    485.8
55.760    469.2
55.780    529.4
55.800    498.5
55.820    436.3
55.840    502.0
55.860    489.2
55.880    523.4
55.900    499.5
55.920    535.6
55.940    522.7
55.960    441.5
55.980    556.8
56.000    513.2
56.020    514.4
56.040    548.0
56.060    481.7
56.080    498.7
56.100    468.6
56.120    538.8
56.140    528.1
56.160    533.8
56.180    446.7
56.200    437.1
56.220    511.8
56.240    561.7
56.260    521.4
56.280    500.4
56.300    501.4
56.320    457.3
56.340    535.4
56.360    492.1
56.380    486.6
56.400    496.3
56.420    478.7
56.440    457.9
56.460    482.7
56.480    506.8
56.500    480.7
56.520    483.8
56.540    535.5
56.560    530.5
56.580    499.4
56.600    506.1
56.620    580.5
56.640    428.7
56.660    592.9
56.680    523.0
56.700    488.7
56.720    481.6
56.740    470.6
56.760    476.3
56.780    492.1
56.800    540.8
56.820    525.1
56.840    499.9
56.860    545.0
56.880    479.7
56.900    525.8
56.920    496.2
56.940    535.4
56.960    463.9
56.980    478.2
57.000    547.0
57.020    492.5
57.040    521.2
57.060    510.7
57.080    521.2
57.100    445.1
57.120    455.8
57.140    430.3
57.160    496.2
57.180    429.0
57.200    518.8
57.220    459.1
57.240    463.3
57.260    508.9
57.280    548.5
57.300    508.5
57.320    482.6
57.340    542.9
57.360    488.0
57.380    480.3
57.400    465.6
57.420    479.4
57.440    519.3
57.460    465.7
57.480    503.7
57.500    462.2
57.520    512.4
57.540    445.8
57.560    501.6
57.580    520.4
57.600    445.4
57.620    481.1
57.640    470.4
57.660    494.0
57.680    523.8
57.700    479.4
57.720    455.7
57.740    586.1
57.760    490.5
57.780    494.0
57.800    505.8
57.820    531.9
57.840    474.5
57.860    506.5
57.880    500.1
57.900    522.1
57.920    474.7
57.940    477.8
57.960    463.5
57.980    521.9
58.000    495.2
58.020    544.1
58.040    468.4
58.060    558.3
58.080    468.3
58.100    501.1
58.120    535.0
58.140    478.7
58.160    519.6
58.180    543.2
58.200    422.3
58.220    457.3
58.240    496.3
58.260    489.6
58.280    508.6
58.300    518.5
58.320    441.3
58.340    522.5
58.360    512.7
58.380    473.9
58.400    514.5
58.420    524.6
58.440    483.0
58.460    479.2
58.480    508.5
58.500    507.5
58.520    551.3
58.540    469.9
58.560    466.7
58.580    480.8
58.600    542.8
58.620    523.0
58.640    559.7
58.660    461.0
58.680    476.4
58.700    496.1
58.720    532.0
58.740    466.8
58.760    503.2
58.780    500.1
58.800    493.5
58.820    494.7
58.840    518.0
58.860    526.3
58.880    479.4
58.900    527.8
58.920    522.5
58.940    510.8
58.960    471.7
58.980    523.8
59.000    477.6
59.020    485.5
59.040    538.6
59.060    532.9
59.080    521.3
59.100    512.7
59.120    537.4
59.140    511.2
59.160    526.2
59.180    461.0
59.200    438.2
59.220    497.7
59.240    492.1
59.260    470.8
59.280    523.0
59.300    478.6
59.320    523.8
59.340    554.3
59.360    485.3
59.380    495.1
59.400    484.8
59.420    432.1
59.440    486.8
59.460    478.2
59.480    482.6
59.500    476.5
59.520    478.8
59.540    526.6
59.560    490.4
59.580    439.4
59.600    525.9
59.620    523.5
59.640    537.5
59.660    503.8
59.680    497.2
59.700    523.1
59.720    521.2
59.740    496.3
59.760    517.4
59.780    527.4
59.800    569.2
59.820    511.8
59.840    520.2
59.860    451.6
59.880    486.2
59.900    475.6
59.920    464.9
59.940    439.6
59.960    541.6
59.980    543.3
60.000    509.0
60.020    482.7
60.040    491.9
60.060    523.1
60.080    498.2
60.100    460.2
60.120    491.9
60.140    471.6
60.160    498.2
60.180    495.4
60.200    520.8
60.220    518.9
60.240    482.7
60.260    503.7
60.280    489.8
60.300    544.2
60.320    524.1
60.340    509.7
60.360    502.7
60.380    472.7
60.400    481.0
60.420    462.5
60.440    542.2
60.460    543.6
60.480    534.3
60.500    486.5
60.520    438.9
60.540    541.2
60.560    511.4
60.580    493.8
60.600    486.7
60.620    529.9
60.640    497.7
60.660    520.2
60.680    434.5
60.700    508.3
60.720    478.5
60.740    511.3
60.760    526.4
60.780    546.2
60.800    489.6
60.820    506.0
60.840    529.0
60.860    485.4
60.880    510.8
60.900    483.5
60.920    468.7
60.940    539.1
60.960    487.2
60.980    491.0
61.000    514.5
61.020    498.5
61.040    478.1
61.060    584.3
61.080    536.5
61.100    488.8
61.120    517.7
61.140    449.3
61.160    456.0
61.180    532.7
61.200    526.4
61.220    511.8
61.240    500.1
61.260    514.0
61.280    493.1
61.300    524.4
61.320    533.0
61.340    483.1
61.360    526.6
61.380    500.8
61.400    495.8
61.420    488.3
61.440    520.4
61.460    493.9
61.480    508.5
61.500    502.3
61.520    462.3
61.540    458.3
61.560    536.3
61.580    489.1
61.600    521.5
61.620    493.2
61.640    522.1
61.660    499.3
61.680    513.9
61.700    513.5
61.720    532.3
61.740    538.5
61.760    555.5
61.780    461.2
61.800    531.5
61.820    462.0
61.840    488.7
61.860    487.2
61.880    523.5
61.900    540.6
61.920    503.4
61.940    537.5
61.960    505.3
61.980    521.0
62.000    484.5
62.020    510.1
62.040    495.0
62.060    439.5
62.080    521.6
62.100    532.1
62.120    436.4
62.140    507.9
62.160    518.6
62.180    546.6
62.200    488.6
62.220    542.0
62.240    521.1
62.260    554.5
62.280    498.7
62.300    470.6
62.320    512.1
62.340    503.9
62.360    465.7
62.380    475.6
62.400    516.1
62.420    504.9
62.440    520.7
62.460    539.6
62.480    489.4
62.500    466.5
62.520    461.5
62.540    506.7
62.560    522.6
62.580    494.9
62.600    501.1
62.620    471.6
62.640    425.8
62.660    466.0
62.680    522.5
62.700    522.2
62.720    487.8
62.740    525.1
62.760    563.5
62.780    537.5
62.800    524.3
62.820    588.3
62.840    487.3
62.860    507.8
62.880    531.8
62.900    438.3
62.920    464.3
62.940    505.3
62.960    564.9
62.980    525.9
63.000    504.8
63.020    519.5
63.040    491.4
63.060    486.1
63.080    480.6
63.100    552.6
63.120    501.6
63.140    513.3
63.160    458.9
63.180    485.0
63.200    477.0
63.220    511.6
63.240    516.5
63.260    484.3
63.280    505.3
63.300    502.3
63.320    462.7
63.340    481.9
63.360    510.6
63.380    543.8
63.400    486.1
63.420    472.7
63.440    527.3
63.460    502.2
63.480    546.4
63.500    489.1
63.520    544.6
63.540    525.5
63.560    478.9
63.580    521.5
63.600    507.2
63.620    507.8
63.640    544.0
63.660    437.5
63.680    463.3
63.700    500.0
63.720    466.3
63.740    497.7
63.760    471.5
63.780    529.5
63.800    459.7
63.820    515.0
63.840    522.8
63.860    505.8
63.880    542.1
63.900    478.1
63.920    476.1
63.940    498.2
63.960    456.7
63.980    569.7
64.000    485.3
64.020    496.9
64.040    467.9
64.060    450.1
64.080    527.1
64.100    493.9
64.120    481.0
64.140    557.4
64.160    513.4
64.180    531.6
64.200    467.0
64.220    560.1
64.240    494.4
64.260    508.4
64.280    516.2
64.300    476.1
64.320    499.1
64.340    520.0
64.360    480.9
64.380    527.1
64.400    546.2
64.420    457.7
64.440    514.2
64.460    459.8
64.480    507.7
64.500    503.2
64.520    549.3
64.540    518.5
64.560    528.5
64.580    544.0
64.600    515.4
64.620    495.2
64.640    544.0
64.660    433.7
64.680    473.6
64.700    496.9
64.720    573.4
64.740    570.1
64.760    497.1
64.780    498.6
64.800    484.4
64.820    531.6
64.840    489.0
64.860    508.7
64.880    491.9
64.900    498.2
64.920    460.0
64.940    526.8
64.960    484.1
64.980    545.6
65.000    527.8
65.020    559.4
65.040    528.4
65.060    493.9
65.080    477.8
65.100    453.8
65.120    487.1
65.140    515.9
65.160    529.5
65.180    514.0
65.200    518.1
65.220    456.3
65.240    469.4
65.260    493.6
65.280    498.8
65.300    511.1
65.320    514.7
65.340    510.8
65.360    503.3
65.380    539.5
65.400    528.0
65.420    467.9
65.440    434.3
65.460    524.8
65.480    435.1
65.500    519.3
65.520    545.6
65.540    517.6
65.560    488.8
65.580    505.2
65.600    526.5
65.620    487.4
65.640    532.0
65.660    490.0
65.680    472.3
65.700    457.9
65.720    480.0
65.740    541.5
65.760    490.9
65.780    521.0
65.800    557.4
65.820    453.4
65.840    480.8
65.860    492.0
65.880    512.1
65.900    525.0
65.920    457.3
65.940    511.6
65.960    468.2
65.980    509.1
66.000    450.2
66.020    471.4
66.040    526.6
66.060    496.4
66.080    504.5
66.100    476.0
66.120    547.9
66.140    483.9
66.160    469.3
66.180    508.1
66.200    557.4
66.220    485.0
66.240    491.8
66.260    453.1
66.280    485.3
66.300    523.7
66.320    449.5
66.340    570.5
66.360    537.6
66.380    470.5
66.400    491.6
66.420    520.7
66.440    503.9
66.460    524.4
66.480    498.2
66.500    461.2
66.520    507.8
66.540    519.5
66.560    505.1
66.580    508.9
66.600    543.5
66.620    513.5
66.640    486.7
66.660    537.0
66.680    543.6
66.700    530.7
66.720    450.2
66.740    454.3
66.760    527.4
66.780    472.7
66.800    533.3
66.820    488.6
66.840    560.6
66.860    490.5
66.880    490.7
66.900    481.4
66.920    491.0
66.940    485.9
66.960    508.1
66.980    507.0
67.000    497.3
67.020    521.4
67.040    521.4
67.060    534.1
67.080    529.4
67.100    528.1
67.120    482.6
67.140    496.9
67.160    447.7
67.180    496.6
67.200    497.4
67.220    532.8
67.240    493.3
67.260    487.0
67.280    496.8
67.300    486.1
67.320    479.1
67.340    446.4
67.360    489.1
67.380    549.0
67.400    517.1
67.420    466.4
67.440    560.4
67.460    491.7
67.480    491.3
67.500    502.8
67.520    535.1
67.540    477.4
67.560    556.8
67.580    541.8
67.600    445.8
67.620    499.3
67.640    526.7
67.660    570.5
67.680    523.2
67.700    478.1
67.720    449.5
67.740    443.8
67.760    559.9
67.780    451.5
67.800    509.6
67.820    507.8
67.840    528.2
67.860    488.4
67.880    500.7
67.900    473.5
67.920    452.7
67.940    479.0
67.960    459.8
67.980    531.5
68.000    518.0
68.020    450.1
68.040    490.4
68.060    528.3
68.080    478.4
68.100    438.4
68.120    492.3
68.140    495.3
68.160    487.7
68.180    514.8
68.200    496.2
68.220    496.2
68.240    474.6
68.260    508.2
68.280    529.7
68.300    517.6
68.320    534.2
68.340    498.4
68.360    493.9
68.380    466.9
68.400    526.3
68.420    487.3
68.440    521.9
68.460    482.7
68.480    518.1
68.500    480.5
68.520    492.1
68.540    486.0
68.560    473.1
68.580    484.4
68.600    482.3
68.620    535.6
68.640    486.7
68.660    487.2
68.680    493.2
68.700    512.9
68.720    464.7
68.740    511.6
68.760    490.8
68.780    554.4
68.800    490.6
68.820    489.2
68.840    453.8
68.860    518.5
68.880    475.1
68.900    464.2
68.920    446.0
68.940    464.4
68.960    502.6
68.980    474.8
69.000    529.2
69.020    535.5
69.040    476.3
69.060    478.9
69.080    524.0
69.100    566.7
69.120    523.3
69.140    534.1
69.160    431.9
69.180    456.0
69.200    493.1
69.220    478.4
69.240    487.5
69.260    513.2
69.280    485.7
69.300    515.7
69.320    537.9
69.340    502.8
69.360    479.9
69.380    463.6
69.400    486.2
69.420    511.3
69.440    495.0
69.460    541.8
69.480    429.4
69.500    469.6
69.520    534.5
69.540    464.6
69.560    458.2
69.580    484.8
69.600    501.3
69.620    493.8
69.640    487.4
69.660    446.3
69.680    550.7
69.700    544.1
69.720    464.5
69.740    516.6
69.760    495.8
69.780    483.2
69.800    526.2
69.820    472.1
69.840    487.9
69.860    533.0
69.880    518.9
69.900    482.0
69.920    520.7
69.940    575.1
69.960    486.1
69.980    492.6
70.000    522.9
70.020    499.1
70.040    517.3
70.060    462.7
70.080    514.5
70.100    488.3
70.120    473.3
70.140    531.7
70.160    481.3
70.180    554.2
70.200    509.9
70.220    472.9
70.240    485.6
70.260    481.5
70.280    493.9
70.300    512.9
70.320    505.6
70.340    524.7
70.360    474.0
70.380    520.9
70.400    506.3
70.420    534.4
70.440    519.5
70.460    558.7
70.480    488.1
70.500    546.9
70.520    493.1
70.540    535.4
70.560    520.9
70.580    456.2
70.600    558.0
70.620    531.3
70.640    473.6
70.660    471.8
70.680    431.1
70.700    548.4
70.720    485.0
70.740    508.3
70.760    456.7
70.780    514.4
70.800    535.1
70.820    537.0
70.840    508.7
70.860    484.9
70.880    503.6
70.900    477.7
70.920    448.9
70.940    442.2
70.960    508.9
70.980    544.7
71.000    507.1
71.020    515.2
71.040    504.7
71.060    464.2
71.080    542.3
71.100    474.4
71.120    547.1
71.140    482.0
71.160    447.2
71.180    511.0
71.200    471.0
71.220    553.2
71.240    497.4
71.260    483.4
71.280    517.1
71.300    539.0
71.320    474.4
71.340    518.4
71.360    481.9
71.380    506.6
71.400    485.1
71.420    476.5
71.440    497.8
71.460    510.9
71.480    477.0
71.500    491.0
71.520    475.7
71.540    470.1
71.560    428.3
71.580    462.4
71.600    536.8
71.620    520.8
71.640    557.0
71.660    475.2
71.680    516.7
71.700    494.0
71.720    518.3
71.740    485.3
71.760    539.7
71.780    540.5
71.800    424.8
71.820    558.3
71.840    555.8
71.860    457.0
71.880    508.1
71.900    467.9
71.920    496.3
71.940    523.0
71.960    504.6
71.980    489.4
72.000    502.6
72.020    555.5
72.040    467.6
72.060    467.3
72.080    519.3
72.100    516.1
72.120    506.3
72.140    535.5
72.160    497.1
72.180    460.7
72.200    455.6
72.220    516.1
72.240    503.6
72.260    473.7
72.280    497.5
72.300    514.9
72.320    517.1
72.340    463.5
72.360    467.8
72.380    500.1
72.400    503.6
72.420    537.3
72.440    497.6
72.460    483.4
72.480    501.8
72.500    488.8
72.520    531.5
72.540    488.0
72.560    523.1
72.580    527.7
72.600    466.1
72.620    525.6
72.640    504.0
72.660    495.6
72.680    555.5
72.700    491.0
72.720    503.5
72.740    455.0
72.760    525.4
72.780    494.4
72.800    483.3
72.820    524.6
72.840    553.3
72.860    501.8
72.880    569.0
72.900    518.1
72.920    491.5
72.940    535.4
72.960    489.9
72.980    544.7
73.000    512.8
73.020    485.7
73.040    493.1
73.060    497.4
73.080    526.1
73.100    482.7
73.120    524.2
73.140    511.3
73.160    497.8
73.180    535.8
73.200    495.9
73.220    522.9
73.240    493.4
73.260    512.2
73.280    467.0
73.300    489.9
73.320    504.3
73.340    497.9
73.360    455.3
73.380    478.0
73.400    499.9
73.420    479.7
73.440    507.7
73.460    441.9
73.480    490.3
73.500    523.5
73.520    503.6
73.540    527.1
73.560    464.5
73.580    488.3
73.600    482.8
73.620    498.3
73.640    459.7
73.660    500.9
73.680    529.3
73.700    544.2
73.720    557.2
73.740    463.1
73.760    481.1
73.780    466.5
73.800    468.3
73.820    506.2
73.840    550.0
73.860    507.9
73.880    510.0
73.900    515.2
73.920    508.0
73.940    499.8
73.960    481.3
73.980    493.7
74.000    468.4
74.020    480.3
74.040    525.2
74.060    474.6
74.080    461.2
74.100    517.1
74.120    478.7
74.140    507.0
74.160    487.4
74.180    501.6
74.200    475.4
74.220    470.9
74.240    488.4
74.260    540.4
74.280    515.6
74.300    482.6
74.320    506.9
74.340    502.2
74.360    472.7
74.380    498.4
74.400    524.2
74.420    477.0
74.440    477.0
74.460    459.7
74.480    443.4
74.500    471.3
74.520    471.5
74.540    472.6
74.560    467.7
74.580    530.5
74.600    495.6
74.620    491.0
74.640    493.8
74.660    528.5
74.680    515.9
74.700    470.1
74.720    527.2
74.740    473.7
74.760    517.7
74.780    513.1
74.800    446.8
74.820    462.6
74.840    539.6
74.860    507.3
74.880    497.5
74.900    530.5
74.920    530.1
74.940    491.8
74.960    537.9
74.980    509.5
75.000    454.1
75.020    532.6
75.040    464.0
75.060    473.2
75.080    524.9
75.100    456.8
75.120    501.6
75.140    520.2
75.160    488.9
75.180    515.8
75.200    482.7
75.220    519.6
75.240    530.8
75.260    522.5
75.280    501.2
75.300    466.8
75.320    486.9
75.340    461.9
75.360    466.8
75.380    476.1
75.400    512.6
75.420    512.8
75.440    433.5
75.460    517.2
75.480    496.2
75.500    492.6
75.520    488.6
75.540    513.8
75.560    463.3
75.580    521.2
75.600    535.2
75.620    472.9
75.640    492.4
75.660    477.3
75.680    484.7
75.700    449.9
75.720    519.8
75.740    537.0
75.760    466.8
75.780    534.8
75.800    453.4
75.820    445.8
75.840    534.7
75.860    527.2
75.880    471.8
75.900    509.5
75.920    466.0
75.940    509.6
75.960    550.6
75.980    487.3
76.000    498.0
76.020    525.5
76.040    472.7
76.060    498.5
76.080    473.1
76.100    521.9
76.120    510.4
76.140    500.9
76.160    530.0
76.180    486.1
76.200    519.5
76.220    478.7
76.240    493.0
76.260    526.1
76.280    539.2
76.300    513.8
76.320    535.0
76.340    486.6
76.360    471.5
76.380    491.1
76.400    507.6
76.420    515.8
76.440    536.5
76.460    450.3
76.480    491.2
76.500    457.1
76.520    477.5
76.540    526.8
76.560    509.6
76.580    500.1
76.600    498.7
76.620    470.2
76.640    537.6
76.660    501.5
76.680    522.8
76.700    452.9
76.720    521.0
76.740    515.4
76.760    491.5
76.780    521.9
76.800    474.2
76.820    515.6
76.840    526.8
76.860    500.0
76.880    485.1
76.900    527.7
76.920    503.2
76.940    507.5
76.960    530.2
76.980    529.2
77.000    453.6
77.020    497.7
77.040    496.4
77.060    482.4
77.080    572.2
77.100    536.4
77.120    513.4
77.140    511.9
77.160    477.1
77.180    423.3
77.200    515.6
77.220    489.6
77.240    474.2
77.260    513.2
77.280    423.1
77.300    510.4
77.320    486.2
77.340    468.8
77.360    510.6
77.380    487.1
77.400    487.0
77.420    499.4
77.440    446.9
77.460    503.4
77.480    517.2
77.500    517.2
77.520    529.1
77.540    512.1
77.560    506.6
77.580    470.2
77.600    490.9
77.620    444.9
77.640    520.9
77.660    489.9
77.680    492.1
77.700    479.4
77.720    486.7
77.740    479.3
77.760    483.2
77.780    508.5
77.800    513.4
77.820    518.0
77.840    546.3
77.860    505.7
77.880    475.0
77.900    514.1
77.920    523.6
77.940    488.7
77.960    508.9
77.980    508.2
78.000    499.6
78.020    470.3
78.040    528.7
78.060    477.0
78.080    541.9
78.100    503.5
78.120    474.3
78.140    510.5
78.160    495.7
78.180    512.1
78.200    516.1
78.220    510.7
78.240    469.4
78.260    478.3
78.280    507.1
78.300    551.4
78.320    435.0
78.340    502.8
78.360    477.5
78.380    530.5
78.400    516.2
78.420    492.1
78.440    444.3
78.460    551.5
78.480    521.1
78.500    507.3
78.520    500.4
78.540    468.3
78.560    488.0
78.580    523.2
78.600    449.9
78.620    500.8
78.640    475.2
78.660    490.5
78.680    497.2
78.700    520.4
78.720    558.6
78.740    446.8
78.760    461.5
78.780    526.7
78.800    483.8
78.820    506.7
78.840    534.4
78.860    464.4
78.880    498.4
78.900    595.5
78.920    517.3
78.940    552.6
78.960    519.5
78.980    487.0
79.000    506.2
79.020    472.4
79.040    454.1
79.060    469.8
79.080    513.6
79.100    492.7
79.120    521.4
79.140    515.6
79.160    480.6
79.180    546.1
79.200    517.1
79.220    508.2
79.240    533.9
79.260    492.7
79.280    504.9
79.300    545.8
79.320    516.6
79.340    440.5
79.360    494.2
79.380    461.2
79.400    457.1
79.420    522.9
79.440    533.1
79.460    516.7
79.480    436.9
79.500    509.8
79.520    448.4
79.540    484.8
79.560    569.4
79.580    476.3
79.600    463.5
79.620    511.5
79.640    542.3
79.660    480.4
79.680    450.7
79.700    513.4
79.720    487.7
79.740    514.7
79.760    507.2
79.780    520.2
79.800    541.8
79.820    500.3
79.840    539.8
79.860    541.9
79.880    488.1
79.900    482.1
79.920    518.0
79.940    470.1
79.960    495.6
79.980    482.9
80.000    508.7
