# SYNTHETIC DATA – not measured – generated by make_demo_data.py
# Sample: Bare 3um
# Date: 2025-06-20
# 2Theta (deg)    Intensity (counts)
20.000    2033.9
20.020    2004.3
20.040    2091.2
20.060    2103.1
20.080    2079.1
20.100    2107.1
20.120    2154.9
20.140    2142.9
20.160    2139.8
20.180    2146.6
20.200    2107.5
20.220    2169.6
20.240    2098.5
20.260    2145.2
20.280    2149.3
20.300    2117.6
20.320    2173.3
20.340    2232.9
20.360    2180.3
20.380    2161.2
20.400    2201.6
20.420    2236.7
20.440    2223.6
20.460    2224.4
20.480    2188.8
20.500    2252.7
20.520    2258.7
20.540    2290.8
20.560    2301.6
20.580    2283.8
20.600    2220.1
20.620    2232.5
20.640    2248.7
20.660    2296.5
20.680    2270.0
20.700    2338.8
20.720    2312.7
20.740    2322.0
20.760    2339.3
20.780    2332.5
20.800    2285.5
20.820    2406.9
20.840    2382.6
20.860    2389.7
20.880    2326.8
20.900    2298.9
20.920    2314.2
20.940    2332.8
20.960    2395.7
20.980    2401.1
21.000    2422.6
21.020    2447.8
21.040    2403.7
21.060    2403.2
21.080    2386.1
21.100    2391.2
21.120    2370.8
21.140    2425.0
21.160    2423.3
21.180    2405.5
21.200    2397.3
21.220    2439.1
21.240    2468.3
21.260    2435.2
21.280    2444.8
21.300    2423.2
21.320    2435.6
21.340    2436.8
21.360    2440.9
21.380    2434.6
21.400    2467.4
21.420    2497.4
21.440    2432.8
21.460    2505.9
21.480    2454.4
21.500    2458.0
21.520    2406.7
21.540    2401.1
21.560    2498.0
21.580    2445.3
21.600    2504.3
21.620    2483.5
21.640    2491.4
21.660    2525.6
21.680    2485.1
21.700    2390.8
21.720    2438.1
21.740    2520.7
21.760    2552.7
21.780    2491.1
21.800    2473.9
21.820    2454.2
21.840    2513.2
21.860    2443.6
21.880    2460.8
21.900    2502.8
21.920    2502.3
21.940    2491.8
21.960    2531.7
21.980    2462.6
22.000    2464.3
22.020    2487.4
22.040    2501.8
22.060    2489.4
22.080    2559.0
22.100    2480.6
22.120    2517.3
22.140    2480.0
22.160    2506.4
22.180    2482.7
22.200    2483.2
22.220    2542.7
22.240    2482.7
22.260    2543.1
22.280    2468.0
22.300    2474.7
22.320    2520.5
22.340    2411.2
22.360    2433.6
22.380    2482.6
22.400    2494.4
22.420    2495.3
22.440    2466.2
22.460    2430.4
22.480    2496.4
22.500    2482.4
22.520    2432.2
22.540    2466.5
22.560    2515.8
22.580    2462.1
22.600    2419.4
22.620    2439.5
22.640    2438.2
22.660    2456.6
22.680    2470.4
22.700    2411.2
22.720    2416.3
22.740    2463.6
22.760    2451.5
22.780    2466.6
22.800    2377.0
22.820    2388.4
22.840    2444.2
22.860    2380.6
22.880    2415.3
22.900    2399.5
22.920    2374.1
22.940    2437.2
22.960    2387.5
22.980    2367.9
23.000    2373.8
23.020    2381.5
23.040    2321.1
23.060    2337.9
23.080    2320.2
23.100    2290.0
23.120    2378.9
23.140    2387.6
23.160    2374.9
23.180    2279.1
23.200    2339.9
23.220    2343.0
23.240    2299.2
23.260    2335.9
23.280    2271.2
23.300    2266.6
23.320    2268.1
23.340    2265.5
23.360    2250.8
23.380    2304.7
23.400    2236.6
23.420    2248.9
23.440    2237.3
23.460    2317.4
23.480    2216.6
23.500    2251.9
23.520    2286.3
23.540    2188.3
23.560    2192.4
23.580    2200.9
23.600    2163.9
23.620    2234.5
23.640    2176.0
23.660    2215.4
23.680    2192.6
23.700    2170.0
23.720    2191.3
23.740    2145.9
23.760    2179.8
23.780    2100.9
23.800    2110.7
23.820    2162.4
23.840    2055.1
23.860    2125.4
23.880    2091.1
23.900    2079.5
23.920    2067.3
23.940    2119.5
23.960    2027.0
23.980    2090.4
24.000    2071.9
24.020    2036.9
24.040    2039.3
24.060    2055.3
24.080    2008.2
24.100    1972.5
24.120    2018.7
24.140    1976.8
24.160    1981.7
24.180    1987.6
24.200    2000.1
24.220    2024.3
24.240    1971.9
24.260    1956.9
24.280    1969.8
24.300    1945.5
24.320    1877.9
24.340    1902.3
24.360    1874.9
24.380    1924.6
24.400    1933.6
24.420    1897.7
24.440    1847.6
24.460    1894.2
24.480    1832.8
24.500    1860.9
24.520    1808.8
24.540    1794.7
24.560    1785.7
24.580    1819.8
24.600    1791.0
24.620    1815.4
24.640    1754.8
24.660    1799.9
24.680    1758.1
24.700    1805.7
24.720    1790.1
24.740    1744.5
24.760    1745.7
24.780    1741.1
24.800    1739.2
24.820    1708.4
24.840    1741.0
24.860    1684.3
24.880    1633.2
24.900    1689.8
24.920    1670.5
24.940    1690.2
24.960    1674.6
24.980    1652.0
25.000    1642.8
25.020    1634.8
25.040    1602.7
25.060    1577.4
25.080    1580.8
25.100    1594.2
25.120    1520.5
25.140    1566.9
25.160    1542.0
25.180    1560.4
25.200    1530.2
25.220    1548.0
25.240    1530.9
25.260    1568.2
25.280    1510.7
25.300    1505.3
25.320    1505.0
25.340    1441.4
25.360    1455.5
25.380    1522.4
25.400    1486.6
25.420    1465.4
25.440    1487.1
25.460    1441.0
25.480    1430.8
25.500    1421.0
25.520    1368.7
25.540    1442.0
25.560    1400.1
25.580    1394.9
25.600    1379.7
25.620    1362.7
25.640    1306.0
25.660    1370.4
25.680    1423.3
25.700    1379.7
25.720    1333.5
25.740    1306.6
25.760    1327.4
25.780    1330.0
25.800    1307.5
25.820    1328.4
25.840    1267.2
25.860    1320.2
25.880    1285.2
25.900    1256.5
25.920    1257.0
25.940    1268.4
25.960    1273.4
25.980    1245.3
26.000    1253.2
26.020    1300.5
26.040    1172.0
26.060    1153.7
26.080    1209.3
26.100    1170.4
26.120    1195.7
26.140    1136.9
26.160    1182.1
26.180    1210.4
26.200    1197.3
26.220    1124.2
26.240    1140.9
26.260    1169.9
26.280    1191.2
26.300    1101.1
26.320    1097.4
26.340    1149.8
26.360    1098.8
26.380    1072.2
26.400    1127.9
26.420    1039.5
26.440    1062.8
26.460    1105.9
26.480    1051.6
26.500    1087.0
26.520    1021.0
26.540    1074.8
26.560    1059.4
26.580    1087.7
26.600    1025.6
26.620    1016.3
26.640    1017.9
26.660    1046.2
26.680    986.5
26.700    998.6
26.720    1055.4
26.740    1014.5
26.760    1007.0
26.780    963.9
26.800    999.7
26.820    933.3
26.840    917.8
26.860    928.7
26.880    994.0
26.900    951.0
26.920    912.5
26.940    924.4
26.960    943.3
26.980    959.9
27.000    870.2
27.020    954.1
27.040    936.8
27.060    882.8
27.080    886.6
27.100    908.3
27.120    880.0
27.140    887.8
27.160    846.9
27.180    819.2
27.200    941.9
27.220    869.4
27.240    866.3
27.260    870.1
27.280    890.3
27.300    873.5
27.320    810.2
27.340    833.1
27.360    834.1
27.380    850.5
27.400    805.2
27.420    830.3
27.440    821.4
27.460    851.7
27.480    727.9
27.500    804.3
27.520    808.0
27.540    814.0
27.560    789.4
27.580    760.8
27.600    801.8
27.620    788.9
27.640    748.7
27.660    729.2
27.680    783.0
27.700    736.5
27.720    778.3
27.740    800.6
27.760    757.6
27.780    754.7
27.800    748.1
27.820    782.4
27.840    779.4
27.860    736.4
27.880    752.7
27.900    728.4
27.920    708.8
27.940    743.5
27.960    714.5
27.980    688.5
28.000    665.9
28.020    737.4
28.040    675.6
28.060    668.2
28.080    690.5
28.100    717.6
28.120    640.7
28.140    708.7
28.160    698.4
28.180    647.3
28.200    646.8
28.220    673.0
28.240    733.5
28.260    665.2
28.280    702.6
28.300    695.7
28.320    617.1
28.340    662.1
28.360    689.2
28.380    642.2
28.400    691.3
28.420    619.8
28.440    605.7
28.460    634.2
28.480    664.7
28.500    631.1
28.520    668.1
28.540    591.8
28.560    618.5
28.580    674.8
28.600    557.9
28.620    638.7
28.640    600.6
28.660    602.9
28.680    613.3
28.700    577.0
28.720    646.9
28.740    634.6
28.760    651.7
28.780    618.1
28.800    583.0
28.820    628.9
28.840    567.4
28.860    578.2
28.880    666.9
28.900    634.5
28.920    613.8
28.940    643.3
28.960    588.4
28.980    613.0
29.000    569.4
29.020    582.2
29.040    593.2
29.060    633.9
29.080    566.5
29.100    617.7
29.120    584.2
29.140    530.1
29.160    523.5
29.180    559.1
29.200    610.9
29.220    585.0
29.240    630.6
29.260    580.0
29.280    615.9
29.300    579.4
29.320    543.2
29.340    590.8
29.360    545.7
29.380    524.4
29.400    543.0
29.420    552.7
29.440    570.8
29.460    587.8
29.480    579.3
29.500    622.8
29.520    499.8
29.540    552.3
29.560    634.6
29.580    546.2
29.600    516.7
29.620    530.9
29.640    523.4
29.660    536.8
29.680    602.8
29.700    507.7
29.720    527.9
29.740    590.6
29.760    556.0
29.780    556.1
29.800    533.9
29.820    572.8
29.840    512.9
29.860    571.6
29.880    545.6
29.900    535.5
29.920    524.2
29.940    568.2
29.960    549.0
29.980    526.3
30.000    540.9
30.020    505.0
30.040    574.5
30.060    576.9
30.080    568.8
30.100    542.7
30.120    548.7
30.140    491.8
30.160    521.0
30.180    524.1
30.200    526.9
30.220    549.3
30.240    516.5
30.260    506.9
30.280    564.7
30.300    518.6
30.320    508.1
30.340    466.2
30.360    485.2
30.380    518.8
30.400    533.3
30.420    471.0
30.440    523.6
30.460    533.4
30.480    507.9
30.500    524.2
30.520    564.4
30.540    499.1
30.560    470.2
30.580    509.3
30.600    493.7
30.620    518.3
30.640    540.3
30.660    545.7
30.680    528.2
30.700    560.3
30.720    528.6
30.740    548.2
30.760    527.6
30.780    524.9
30.800    501.1
30.820    516.0
30.840    498.3
30.860    506.3
30.880    517.1
30.900    549.2
30.920    506.6
30.940    532.6
30.960    476.5
30.980    504.7
31.000    551.3
31.020    523.2
31.040    458.0
31.060    511.3
31.080    504.6
31.100    476.1
31.120    458.6
31.140    482.6
31.160    478.8
31.180    532.1
31.200    527.8
31.220    529.4
31.240    542.4
31.260    444.4
31.280    501.3
31.300    519.6
31.320    489.1
31.340    490.1
31.360    484.8
31.380    513.6
31.400    506.6
31.420    545.1
31.440    519.8
31.460    514.2
31.480    507.0
31.500    483.9
31.520    511.0
31.540    531.9
31.560    521.2
31.580    474.9
31.600    461.4
31.620    527.6
31.640    512.2
31.660    515.1
31.680    480.5
31.700    528.5
31.720    527.8
31.740    498.3
31.760    523.1
31.780    478.3
31.800    503.1
31.820    445.4
31.840    496.8
31.860    579.1
31.880    526.4
31.900    556.9
31.920    522.7
31.940    512.5
31.960    512.0
31.980    493.3
32.000    527.2
32.020    483.3
32.040    506.7
32.060    603.2
32.080    520.2
32.100    490.9
32.120    537.1
32.140    518.0
32.160    497.0
32.180    471.4
32.200    499.9
32.220    491.4
32.240    506.1
32.260    516.0
32.280    513.1
32.300    476.2
32.320    519.9
32.340    516.4
32.360    459.9
32.380    513.8
32.400    501.3
32.420    515.1
32.440    470.6
32.460    493.6
32.480    495.9
32.500    465.8
32.520    518.3
32.540    493.8
32.560    514.3
32.580    472.4
32.600    460.4
32.620    467.6
32.640    436.7
32.660    479.0
32.680    514.2
32.700    546.1
32.720    537.9
32.740    542.3
32.760    542.1
32.780    567.7
32.800    508.7
32.820    531.6
32.840    522.7
32.860    424.5
32.880    507.8
32.900    504.7
32.920    514.6
32.940    487.2
32.960    480.3
32.980    487.1
33.000    525.0
33.020    516.7
33.040    547.8
33.060    463.8
33.080    536.8
33.100    560.5
33.120    474.5
33.140    504.6
33.160    453.3
33.180    416.4
33.200    459.6
33.220    502.3
33.240    507.5
33.260    488.8
33.280    520.5
33.300    511.6
33.320    558.9
33.340    456.9
33.360    473.3
33.380    482.1
33.400    480.3
33.420    485.6
33.440    573.9
33.460    489.1
33.480    520.5
33.500    456.2
33.520    478.5
33.540    526.7
33.560    531.2
33.580    450.2
33.600    565.5
33.620    513.5
33.640    476.4
33.660    514.9
33.680    480.4
33.700    455.0
33.720    506.2
33.740    526.2
33.760    533.8
33.780    448.2
33.800    470.4
33.820    494.1
33.840    533.2
33.860    541.2
33.880    487.6
33.900    462.1
33.920    517.9
33.940    485.1
33.960    513.5
33.980    533.3
34.000    519.5
34.020    468.5
34.040    461.5
34.060    453.0
34.080    523.6
34.100    535.8
34.120    467.4
34.140    483.0
34.160    470.1
34.180    495.1
34.200    472.6
34.220    472.5
34.240    538.8
34.260    528.2
34.280    500.1
34.300    534.9
34.320    480.2
34.340    513.6
34.360    469.3
34.380    475.1
34.400    529.3
34.420    460.6
34.440    485.3
34.460    461.4
34.480    458.7
34.500    498.2
34.520    499.7
34.540    450.0
34.560    565.3
34.580    545.2
34.600    468.5
34.620    509.8
34.640    501.7
34.660    476.9
34.680    456.1
34.700    497.0
34.720    491.0
34.740    534.3
34.760    501.6
34.780    464.9
34.800    475.1
34.820    496.0
34.840    527.1
34.860    460.0
34.880    504.8
34.900    537.8
34.920    451.4
34.940    541.4
34.960    479.7
34.980    495.4
35.000    480.4
35.020    508.8
35.040    513.0
35.060    514.0
35.080    585.2
35.100    419.7
35.120    481.7
35.140    456.3
35.160    491.0
35.180    475.5
35.200    489.5
35.220    496.9
35.240    479.3
35.260    526.9
35.280    451.8
35.300    481.5
35.320    498.9
35.340    540.9
35.360    456.3
35.380    459.6
35.400    514.7
35.420    500.8
35.440    453.6
35.460    534.5
35.480    506.6
35.500    488.3
35.520    488.2
35.540    501.8
35.560    487.3
35.580    508.9
35.600    509.1
35.620    464.8
35.640    450.3
35.660    548.2
35.680    482.3
35.700    552.3
35.720    503.6
35.740    416.3
35.760    507.5
35.780    472.1
35.800    429.6
35.820    498.5
35.840    464.3
35.860    492.1
35.880    534.0
35.900    522.7
35.920    500.2
35.940    501.0
35.960    501.1
35.980    477.8
36.000    467.0
36.020    484.0
36.040    502.1
36.060    473.0
36.080    489.9
36.100    497.8
36.120    468.5
36.140    529.4
36.160    536.5
36.180    502.8
36.200    468.0
36.220    437.2
36.240    419.8
36.260    532.9
36.280    503.3
36.300    478.7
36.320    451.1
36.340    491.5
36.360    525.6
36.380    506.6
36.400    464.9
36.420    589.7
36.440    513.2
36.460    458.1
36.480    508.9
36.500    509.5
36.520    519.6
36.540    508.5
36.560    459.1
36.580    509.1
36.600    472.5
36.620    501.5
36.640    496.0
36.660    518.2
36.680    504.7
36.700    487.6
36.720    579.1
36.740    487.5
36.760    486.7
36.780    512.0
36.800    513.0
36.820    528.3
36.840    453.5
36.860    480.8
36.880    532.0
36.900    506.4
36.920    506.9
36.940    454.2
36.960    453.8
36.980    472.3
37.000    504.7
37.020    521.8
37.040    525.3
37.060    439.6
37.080    495.6
37.100    499.9
37.120    484.9
37.140    485.4
37.160    464.6
37.180    486.4
37.200    424.6
37.220    536.7
37.240    503.4
37.260    542.6
37.280    472.2
37.300    444.2
37.320    552.5
37.340    430.5
37.360    459.4
37.380    520.6
37.400    540.7
37.420    476.1
37.440    490.7
37.460    489.2
37.480    513.7
37.500    470.0
37.520    515.9
37.540    524.9
37.560    494.4
37.580    500.5
37.600    568.4
37.620    507.3
37.640    485.1
37.660    531.1
37.680    535.1
37.700    476.4
37.720    468.1
37.740    542.6
37.760    535.5
37.780    538.6
37.800    549.0
37.820    463.3
37.840    448.6
37.860    529.4
37.880    527.6
37.900    503.7
37.920    521.0
37.940    475.6
37.960    467.7
37.980    495.5
38.000    511.6
38.020    517.6
38.040    495.4
38.060    517.1
38.080    535.7
38.100    513.4
38.120    483.9
38.140    550.2
38.160    463.3
38.180    505.0
38.200    556.7
38.220    573.5
38.240    547.9
38.260    485.9
38.280    445.3
38.300    484.5
38.320    497.7
38.340    502.9
38.360    468.6
38.380    483.5
38.400    506.1
38.420    501.5
38.440    538.8
38.460    517.1
38.480    517.7
38.500    483.6
38.520    502.2
38.540    441.0
38.560    487.5
38.580    451.7
38.600    504.2
38.620    516.5
38.640    503.6
38.660    545.8
38.680    479.4
38.700    497.0
38.720    483.1
38.740    490.1
38.760    539.7
38.780    458.2
38.800    549.7
38.820    540.9
38.840    517.7
38.860    489.4
38.880    507.2
38.900    487.9
38.920    544.3
38.940    465.9
38.960    470.5
38.980    501.1
39.000    424.5
39.020    544.2
39.040    490.2
39.060    522.8
39.080    505.3
39.100    446.7
39.120    501.3
39.140    512.6
39.160    464.0
39.180    469.4
39.200    468.1
39.220    523.3
39.240    462.0
39.260    472.4
39.280    497.2
39.300    503.4
39.320    481.6
39.340    546.9
39.360    548.3
39.380    461.5
39.400    553.9
39.420    513.7
39.440    519.7
39.460    523.3
39.480    457.9
39.500    461.4
39.520    514.1
39.540    477.8
39.560    583.1
39.580    486.1
39.600    528.1
39.620    470.3
39.640    564.8
39.660    556.4
39.680    454.5
39.700    510.5
39.720    502.5
39.740    546.6
39.760    426.9
39.780    489.8
39.800    526.0
39.820    488.2
39.840    478.8
39.860    453.5
39.880    508.7
39.900    491.1
39.920    453.1
39.940    501.3
39.960    475.4
39.980    505.4
40.000    519.1
40.020    530.4
40.040    508.0
40.060    466.4
40.080    490.7
40.100    485.9
40.120    528.2
40.140    475.7
40.160    543.5
40.180    496.3
40.200    517.5
40.220    483.6
40.240    534.7
40.260    479.4
40.280    547.3
40.300    510.4
40.320    521.5
40.340    514.9
40.360    473.1
40.380    540.3
40.400    450.8
40.420    500.7
40.440    521.6
40.460    528.9
40.480    478.3
40.500    482.7
40.520    490.6
40.540    466.6
40.560    489.8
40.580    470.0
40.600    511.8
40.620    491.1
40.640    472.3
40.660    474.3
40.680    501.3
40.700    471.9
40.720    454.7
40.740    463.5
40.760    503.7
40.780    442.2
40.800    499.3
40.820    521.7
40.840    477.6
40.860    487.2
40.880    451.3
40.900    466.4
40.920    478.8
40.940    506.3
40.960    484.3
40.980    461.8
41.000    479.5
41.020    459.2
41.040    548.4
41.060    476.9
41.080    542.4
41.100    448.0
41.120    466.8
41.140    539.8
41.160    488.0
41.180    561.4
41.200    521.4
41.220    538.9
41.240    449.7
41.260    502.7
41.280    486.5
41.300    545.7
41.320    483.4
41.340    497.4
41.360    472.3
41.380    446.5
41.400    514.6
41.420    485.3
41.440    506.5
41.460    466.1
41.480    493.8
41.500    469.7
41.520    479.7
41.540    500.3
41.560    478.9
41.580    512.0
41.600    460.1
41.620    482.6
41.640    534.9
41.660    472.9
41.680    441.0
41.700    532.9
41.720    490.7
41.740    463.7
41.760    459.6
41.780    511.8
41.800    460.1
41.820    443.0
41.840    513.7
41.860    501.5
41.880    512.7
41.900    478.1
41.920    506.7
41.940    465.2
41.960    483.7
41.980    500.3
42.000    502.6
42.020    529.1
42.040    520.0
42.060    468.9
42.080    480.0
42.100    519.3
42.120    537.0
42.140    514.0
42.160    487.0
42.180    506.8
42.200    534.8
42.220    541.1
42.240    483.0
42.260    471.0
42.280    501.9
42.300    482.0
42.320    500.8
42.340    478.1
42.360    538.6
42.380    667.0
42.400    1185.7
42.420    2714.6
42.440    6422.6
42.460    13349.5
42.480    22967.4
42.500    31800.2
42.520    35457.4
42.540    31810.4
42.560    22900.6
42.580    13430.9
42.600    6446.6
42.620    2715.1
42.640    1125.8
42.660    644.9
42.680    531.8
42.700    489.0
42.720    498.4
42.740    509.7
42.760    475.7
42.780    495.4
42.800    534.9
42.820    501.8
42.840    444.2
42.860    469.4
42.880    476.4
42.900    483.5
42.920    503.1
42.940    470.5
42.960    544.1
42.980    491.0
43.000    512.2
43.020    471.3
43.040    435.5
43.060    511.7
43.080    521.6
43.100    527.4
43.120    494.5
43.140    503.3
43.160    472.8
43.180    450.0
43.200    500.0
43.220    512.9
43.240    511.9
43.260    523.5
43.280    527.3
43.300    522.0
43.320    520.9
43.340    505.8
43.360    481.3
43.380    438.9
43.400    504.6
43.420    539.9
43.440    513.3
43.460    557.6
43.480    520.8
43.500    440.6
43.520    533.8
43.540    475.3
43.560    500.4
43.580    491.2
43.600    502.5
43.620    552.8
43.640    540.2
43.660    463.7
43.680    517.8
43.700    484.1
43.720    543.7
43.740    553.5
43.760    495.1
43.780    537.0
43.800    540.4
43.820    531.6
43.840    543.0
43.860    506.4
43.880    521.3
43.900    509.5
43.920    513.3
43.940    510.5
43.960    447.6
43.980    504.9
44.000    541.9
44.020    470.7
44.040    494.0
44.060    419.1
44.080    517.4
44.100    509.3
44.120    532.5
44.140    551.2
44.160    480.6
44.180    484.4
44.200    521.3
44.220    490.4
44.240    524.1
44.260    454.6
44.280    495.9
44.300    471.5
44.320    457.3
44.340    507.1
44.360    469.6
44.380    484.5
44.400    486.6
44.420    415.9
44.440    520.7
44.460    509.9
44.480    505.9
44.500    490.1
44.520    541.5
44.540    509.6
44.560    468.2
44.580    511.9
44.600    534.7
44.620    497.1
44.640    498.6
44.660    514.2
44.680    523.3
44.700    514.2
44.720    490.4
44.740    520.4
44.760    494.2
44.780    492.6
44.800    537.0
44.820    490.9
44.840    475.8
44.860    516.6
44.880    472.7
44.900    534.6
44.920    503.2
44.940    531.3
44.960    501.7
44.980    473.7
45.000    428.0
45.020    509.1
45.040    627.4
45.060    696.1
45.080    945.3
45.100    1268.0
45.120    1589.2
45.140    2044.4
45.160    2374.1
45.180    2542.7
45.200    2425.6
45.220    2035.1
45.240    1658.8
45.260    1245.2
45.280    885.5
45.300    743.2
45.320    644.0
45.340    504.4
45.360    531.7
45.380    482.4
45.400    532.4
45.420    532.6
45.440    488.9
45.460    493.8
45.480    547.6
45.500    493.3
45.520    531.3
45.540    446.6
45.560    454.5
45.580    530.9
45.600    506.0
45.620    489.4
45.640    465.1
45.660    504.5
45.680    457.6
45.700    492.6
45.720    517.3
45.740    488.8
45.760    449.6
45.780    446.4
45.800    482.9
45.820    428.9
45.840    520.1
45.860    474.9
45.880    477.2
45.900    485.1
45.920    472.8
45.940    536.1
45.960    476.0
45.980    459.4
46.000    528.0
46.020    474.8
46.040    541.0
46.060    517.9
46.080    483.2
46.100    499.4
46.120    465.6
46.140    462.5
46.160    530.2
46.180    486.0
46.200    491.6
46.220    482.4
46.240    500.8
46.260    488.5
46.280    499.2
46.300    499.3
46.320    538.0
46.340    483.8
46.360    495.4
46.380    502.5
46.400    470.8
46.420    513.7
46.440    495.5
46.460    481.7
46.480    475.7
46.500    496.3
46.520    505.4
46.540    511.4
46.560    520.5
46.580    489.6
46.600    539.2
46.620    502.7
46.640    532.1
46.660    490.0
46.680    533.2
46.700    501.7
46.720    478.4
46.740    487.9
46.760    506.9
46.780    451.1
46.800    506.8
46.820    441.3
46.840    505.7
46.860    475.4
46.880    463.5
46.900    483.0
46.920    538.0
46.940    550.5
46.960    489.4
46.980    542.9
47.000    509.5
47.020    551.9
47.040    503.5
47.060    522.6
47.080    474.0
47.100    575.6
47.120    835.5
47.140    2576.7
47.160    11350.2
47.180    46281.5
47.200    155956.8
47.220    422979.9
47.240    920174.3
47.260    1603416.4
47.280    2237624.9
47.300    2500519.9
47.320    2237612.9
47.340    1603459.1
47.360    920262.6
47.380    423062.6
47.400    155928.9
47.420    46344.5
47.440    11355.8
47.460    2569.8
47.480    744.9
47.500    513.5
47.520    521.2
47.540    494.0
47.560    454.8
47.580    507.5
47.600    481.5
47.620    511.8
47.640    512.1
47.660    548.3
47.680    477.0
47.700    536.3
47.720    475.2
47.740    535.5
47.760    519.0
47.780    516.6
47.800    508.0
47.820    483.0
47.840    515.4
47.860    519.9
47.880    540.0
47.900    514.6
47.920    517.2
47.940    470.1
47.960    450.1
47.980    507.3
48.000    572.7
48.020    497.4
48.040    473.9
48.060    421.8
48.080    518.6
48.100    470.9
48.120    481.5
48.140    508.7
48.160    520.2
48.180    557.7
48.200    538.1
48.220    521.9
48.240    499.8
48.260    464.1
48.280    492.5
48.300    529.3
48.320    432.2
48.340    497.7
48.360    546.5
48.380    527.9
48.400    491.9
48.420    489.8
48.440    519.3
48.460    492.8
48.480    516.9
48.500    552.1
48.520    492.0
48.540    482.4
48.560    532.5
48.580    510.8
48.600    475.8
48.620    439.7
48.640    553.6
48.660    558.1
48.680    496.6
48.700    516.3
48.720    507.9
48.740    515.7
48.760    553.0
48.780    516.5
48.800    499.0
48.820    512.7
48.840    507.9
48.860    524.7
48.880    495.4
48.900    483.5
48.920    560.1
48.940    525.9
48.960    529.2
48.980    570.1
49.000    504.1
49.020    497.4
49.040    514.8
49.060    472.9
49.080    474.7
49.100    471.4
49.120    521.4
49.140    454.9
49.160    504.2
49.180    498.5
49.200    547.8
49.220    490.9
49.240    530.6
49.260    527.6
49.280    524.9
49.300    547.1
49.320    448.6
49.340    515.7
49.360    491.8
49.380    491.7
49.400    542.7
49.420    485.5
49.440    482.2
49.460    539.7
49.480    442.7
49.500    543.4
49.520    470.4
49.540    559.3
49.560    479.6
49.580    520.6
49.600    512.5
49.620    506.5
49.640    519.5
49.660    503.1
49.680    537.3
49.700    522.8
49.720    449.7
49.740    422.0
49.760    573.2
49.780    433.1
49.800    505.0
49.820    484.2
49.840    482.9
49.860    475.0
49.880    566.7
49.900    532.0
49.920    468.8
49.940    523.4
49.960    508.5
49.980    563.2
50.000    505.1
50.020    449.8
50.040    555.0
50.060    557.9
50.080    560.3
50.100    525.8
50.120    443.0
50.140    467.2
50.160    490.3
50.180    504.5
50.200    485.9
50.220    515.9
50.240    463.1
50.260    479.8
50.280    472.4
50.300    490.5
50.320    447.1
50.340    558.5
50.360    464.1
50.380    475.4
50.400    510.2
50.420    471.0
50.440    525.9
50.460    525.0
50.480    528.2
50.500    472.7
50.520    469.8
50.540    484.3
50.560    480.7
50.580    495.4
50.600    503.7
50.620    494.9
50.640    481.2
50.660    532.0
50.680    535.1
50.700    523.3
50.720    515.5
50.740    511.5
50.760    548.3
50.780    480.3
50.800    459.4
50.820    492.3
50.840    496.7
50.860    487.9
50.880    489.6
50.900    490.5
50.920    507.4
50.940    476.5
50.960    466.7
50.980    495.6
51.000    513.9
51.020    492.9
51.040    459.4
51.060    497.8
51.080    481.6
51.100    513.6
51.120    484.7
51.140    498.2
51.160    528.1
51.180    503.9
51.200    497.4
51.220    491.8
51.240    475.3
51.260    517.2
51.280    457.3
51.300    480.5
51.320    469.1
51.340    514.9
51.360    570.1
51.380    461.8
51.400    521.5
51.420    499.1
51.440    563.5
51.460    424.3
51.480    473.6
51.500    519.2
51.520    502.3
51.540    515.1
51.560    446.4
51.580    492.6
51.600    481.8
51.620    567.8
51.640    514.0
51.660    515.2
51.680    494.3
51.700    548.3
51.720    506.5
51.740    514.2
51.760    473.0
51.780    532.7
51.800    531.1
51.820    468.4
51.840    476.9
51.860    512.7
51.880    495.2
51.900    472.5
51.920    505.7
51.940    522.2
51.960    500.3
51.980    486.7
52.000    512.8
52.020    494.1
52.040    491.2
52.060    513.8
52.080    544.0
52.100    542.3
52.120    507.9
52.140    492.9
52.160    503.0
52.180    510.6
52.200    522.8
52.220    495.8
52.240    500.8
52.260    511.9
52.280    471.0
52.300    500.6
52.320    510.2
52.340    525.5
52.360    509.9
52.380    483.3
52.400    463.2
52.420    475.5
52.440    457.5
52.460    464.3
52.480    475.7
52.500    481.4
52.520    515.0
52.540    490.6
52.560    492.7
52.580    502.8
52.600    473.2
52.620    458.5
52.640    477.8
52.660    465.6
52.680    544.0
52.700    544.0
52.720    496.3
52.740    510.1
52.760    544.8
52.780    543.6
52.800    531.9
52.820    523.1
52.840    535.9
52.860    467.1
52.880    437.5
52.900    475.1
52.920    513.7
52.940    471.8
52.960    486.2
52.980    499.4
53.000    497.6
53.020    466.6
53.040    492.9
53.060    527.1
53.080    518.1
53.100    499.4
53.120    493.7
53.140    543.8
53.160    550.1
53.180    469.4
53.200    480.7
53.220    484.2
53.240    517.7
53.260    499.0
53.280    489.5
53.300    549.0
53.320    513.6
53.340    474.2
53.360    500.0
53.380    495.8
53.400    544.8
53.420    442.0
53.440    498.0
53.460    505.2
53.480    536.3
53.500    499.7
53.520    522.7
53.540    523.5
53.560    447.5
53.580    481.8
53.600    479.8
53.620    501.4
53.640    459.2
53.660    510.2
53.680    488.2
53.700    504.5
53.720    429.5
53.740    507.5
53.760    506.1
53.780    454.8
53.800    490.1
53.820    513.3
53.840    559.5
53.860    477.5
53.880    498.4
53.900    471.4
53.920    512.7
53.940    454.3
53.960    477.4
53.980    499.5
54.000    495.8
54.020    484.4
54.040    483.9
54.060    475.1
54.080    522.9
54.100    495.6
54.120    454.6
54.140    509.8
54.160    511.7
54.180    535.7
54.200    549.6
54.220    497.7
54.240    539.6
54.260    506.9
54.280    516.6
54.300    484.8
54.320    498.0
54.340    488.1
54.360    437.8
54.380    489.5
54.400    452.3
54.420    507.0
54.440    425.1
54.460    502.8
54.480    446.5
54.500    471.1
54.520    490.1
54.540    509.3
54.560    466.7
54.580    494.6
54.600    528.3
54.620    494.6
54.640    513.6
54.660    496.6
54.680    533.3
54.700    522.4
54.720    535.4
54.740    495.8
54.760    491.8
54.780    410.3
54.800    463.7
54.820    465.7
54.840    525.2
54.860    484.0
54.880    466.1
54.900    489.4
54.920    475.4
54.940    463.6
54.960    459.3
54.980    526.1
55.000    542.2
55.020    493.5
55.040    506.2
55.060    523.3
55.080    484.1
55.100    506.6
55.120    458.5
55.140    436.6
55.160    472.9
55.180    529.7
55.200    493.0
55.220    457.9
55.240    509.1
55.260    533.2
55.280    469.1
55.300    515.1
55.320    562.5
55.340    486.7
55.360    501.4
55.380    475.8
55.400    454.2
55.420    456.5
55.440    526.4
55.460    512.4
55.480    491.8
55.500    558.1
55.520    487.9
55.540    502.7
55.560    522.3
55.580    479.5
55.600    468.6
55.620    483.2
55.640    466.0
55.660    502.9
55.680    505.6
55.700    480.7
55.720    434.7
55.740    481.2
55.760    458.0
55.780    484.2
55.800    507.2
55.820    543.5
55.840    539.0
55.860    457.9
55.880    502.9
55.900    481.3
55.920    504.7
55.940    552.5
55.960    519.7
55.980    512.2
56.000    486.5
56.020    479.5
56.040    491.2
56.060    518.8
56.080    548.0
56.100    518.7
56.120    495.7
56.140    499.1
56.160    523.9
56.180    552.8
56.200    562.4
56.220    472.8
56.240    458.2
56.260    529.3
56.280    527.0
56.300    533.5
56.320    553.1
56.340    495.6
56.360    526.4
56.380    469.0
56.400    539.4
56.420    497.5
56.440    496.5
56.460    466.9
56.480    543.1
56.500    529.5
56.520    520.4
56.540    459.8
56.560    477.4
56.580    532.9
56.600    495.9
56.620    505.7
56.640    510.4
56.660    487.1
56.680    533.0
56.700    439.1
56.720    549.3
56.740    547.5
56.760    514.0
56.780    523.1
56.800    496.2
56.820    555.7
56.840    481.9
56.860    470.9
56.880    512.8
56.900    484.2
56.920    490.0
56.940    549.6
56.960    438.4
56.980    520.7
57.000    467.1
57.020    504.7
57.040    514.1
57.060    509.1
57.080    452.4
57.100    501.1
57.120    517.3
57.140    558.7
57.160    509.3
57.180    462.8
57.200    475.1
57.220    471.0
57.240    538.5
57.260    524.3
57.280    449.7
57.300    482.6
57.320    540.5
57.340    472.7
57.360    516.0
57.380    489.6
57.400    506.5
57.420    484.9
57.440    457.5
57.460    469.8
57.480    512.8
57.500    542.4
57.520    493.7
57.540    512.9
57.560    515.8
57.580    466.3
57.600    469.2
57.620    519.3
57.640    513.4
57.660    475.1
57.680    443.0
57.700    479.3
57.720    480.5
57.740    511.8
57.760    486.1
57.780    495.1
57.800    525.8
57.820    513.2
57.840    484.6
57.860    531.0
57.880    513.2
57.900    550.3
57.920    479.4
57.940    503.6
57.960    486.4
57.980    464.2
58.000    467.8
58.020    503.9
58.040    517.6
58.060    485.2
58.080    493.7
58.100    537.5
58.120    495.3
58.140    485.9
58.160    526.7
58.180    484.3
58.200    516.7
58.220    485.9
58.240    500.8
58.260    491.2
58.280    483.2
58.300    503.3
58.320    553.7
58.340    520.5
58.360    499.0
58.380    538.8
58.400    444.5
58.420    504.1
58.440    477.2
58.460    464.2
58.480    483.1
58.500    494.9
58.520    467.4
58.540    503.2
58.560    451.0
58.580    515.2
58.600    515.4
58.620    560.6
58.640    519.3
58.660    488.1
58.680    483.0
58.700    512.3
58.720    512.3
58.740    457.5
58.760    447.9
58.780    521.6
58.800    511.4
58.820    464.2
58.840    540.8
58.860    506.9
58.880    488.4
58.900    492.2
58.920    515.2
58.940    495.0
58.960    493.4
58.980    525.4
59.000    469.1
59.020    507.6
59.040    507.9
59.060    534.7
59.080    511.8
59.100    526.0
59.120    529.4
59.140    537.0
59.160    478.7
59.180    493.9
59.200    497.0
59.220    560.0
59.240    535.1
59.260    517.0
59.280    519.6
59.300    503.8
59.320    542.5
59.340    498.0
59.360    525.2
59.380    513.4
59.400    476.6
59.420    537.9
59.440    521.2
59.460    504.4
59.480    474.5
59.500    524.3
59.520    483.9
59.540    467.1
59.560    538.1
59.580    500.8
59.600    511.5
59.620    524.4
59.640    543.8
59.660    470.1
59.680    451.1
59.700    534.1
59.720    490.8
59.740    508.4
59.760    526.1
59.780    546.6
59.800    479.6
59.820    486.9
59.840    439.8
59.860    510.3
59.880    500.8
59.900    502.9
59.920    554.8
59.940    467.9
59.960    453.2
59.980    470.7
60.000    520.3
60.020    454.2
60.040    467.8
60.060    513.6
60.080    465.6
60.100    477.6
60.120    465.5
60.140    516.4
60.160    476.2
60.180    521.1
60.200    480.2
60.220    505.8
60.240    472.9
60.260    521.6
60.280    422.7
60.300    562.4
60.320    508.6
60.340    461.1
60.360    474.2
60.380    495.3
60.400    501.8
60.420    477.1
60.440    534.8
60.460    494.7
60.480    477.1
60.500    500.3
60.520    527.9
60.540    456.3
60.560    474.6
60.580    534.3
60.600    511.2
60.620    502.7
60.640    559.5
60.660    549.6
60.680    463.5
60.700    457.3
60.720    513.9
60.740    529.4
60.760    493.3
60.780    514.6
60.800    479.9
60.820    525.3
60.840    463.4
60.860    508.5
60.880    520.0
60.900    494.7
60.920    501.5
60.940    502.6
60.960    528.6
60.980    478.5
61.000    537.5
61.020    452.8
61.040    539.1
61.060    511.5
61.080    527.2
61.100    537.2
61.120    514.5
61.140    541.4
61.160    521.2
61.180    503.3
61.200    532.3
61.220    542.8
61.240    448.3
61.260    508.0
61.280    438.2
61.300    504.0
61.320    502.8
61.340    500.1
61.360    537.8
61.380    536.1
61.400    527.1
61.420    419.7
61.440    545.9
61.460    482.8
61.480    419.0
61.500    506.8
61.520    495.2
61.540    490.6
61.560    546.5
61.580    493.5
61.600    473.7
61.620    530.3
61.640    471.4
61.660    532.4
61.680    471.8
61.700    523.0
61.720    560.1
61.740    531.6
61.760    480.9
61.780    452.4
61.800    488.3
61.820    454.0
61.840    545.2
61.860    532.9
61.880    434.5
61.900    488.8
61.920    517.2
61.940    530.8
61.960    466.4
61.980    503.3
62.000    467.3
62.020    490.8
62.040    525.9
62.060    440.7
62.080    501.7
62.100    526.8
62.120    450.7
62.140    475.7
62.160    548.0
62.180    501.7
62.200    530.1
62.220    520.7
62.240    542.4
62.260    531.4
62.280    503.6
62.300    481.9
62.320    524.0
62.340    472.9
62.360    482.5
62.380    488.4
62.400    492.1
62.420    466.7
62.440    498.6
62.460    525.5
62.480    450.6
62.500    438.0
62.520    482.4
62.540    503.0
62.560    513.8
62.580    509.9
62.600    498.2
62.620    562.3
62.640    522.4
62.660    504.3
62.680    521.0
62.700    510.7
62.720    495.9
62.740    510.5
62.760    489.8
62.780    488.8
62.800    540.6
62.820    450.0
62.840    484.1
62.860    480.6
62.880    519.5
62.900    467.9
62.920    507.7
62.940    511.1
62.960    521.2
62.980    527.0
63.000    503.0
63.020    483.0
63.040    501.0
63.060    453.7
63.080    532.6
63.100    472.7
63.120    492.9
63.140    488.5
63.160    559.3
63.180    483.8
63.200    494.1
63.220    540.2
63.240    512.0
63.260    481.3
63.280    529.8
63.300    493.7
63.320    524.1
63.340    539.6
63.360    479.6
63.380    468.9
63.400    483.0
63.420    518.1
63.440    560.2
63.460    518.8
63.480    522.9
63.500    489.1
63.520    502.7
63.540    510.2
63.560    447.0
63.580    489.7
63.600    487.0
63.620    503.4
63.640    531.8
63.660    506.8
63.680    527.5
63.700    519.2
63.720    518.4
63.740    489.9
63.760    497.5
63.780    504.0
63.800    491.2
63.820    512.0
63.840    477.3
63.860    527.1
63.880    501.5
63.900    461.9
63.920    536.5
63.940    542.7
63.960    537.0
63.980    479.9
64.000    476.1
64.020    495.7
64.040    481.7
64.060    524.0
64.080    481.9
64.100    490.7
64.120    513.9
64.140    497.9
64.160    471.4
64.180    509.5
64.200    486.9
64.220    510.7
64.240    508.0
64.260    506.2
64.280    474.1
64.300    483.5
64.320    509.5
64.340    463.2
64.360    543.4
64.380    505.2
64.400    506.6
64.420    471.6
64.440    488.1
64.460    485.3
64.480    452.0
64.500    467.6
64.520    536.5
64.540    469.3
64.560    503.0
64.580    526.7
64.600    486.2
64.620    508.2
64.640    492.6
64.660    487.6
64.680    528.8
64.700    489.3
64.720    439.0
64.740    466.5
64.760    492.4
64.780    520.1
64.800    477.2
64.820    535.3
64.840    445.9
64.860    479.9
64.880    497.6
64.900    486.7
64.920    478.0
64.940    520.0
64.960    461.8
64.980    478.5
65.000    488.6
65.020    448.3
65.040    495.4
65.060    502.3
65.080    504.8
65.100    528.9
65.120    479.4
65.140    521.3
65.160    503.9
65.180    481.7
65.200    465.6
65.220    526.7
65.240    444.9
65.260    518.4
65.280    499.6
65.300    527.9
65.320    472.9
65.340    449.1
65.360    504.5
65.380    512.4
65.400    518.8
65.420    498.5
65.440    490.1
65.460    489.0
65.480    509.6
65.500    462.4
65.520    495.0
65.540    504.4
65.560    543.1
65.580    487.3
65.600    467.9
65.620    544.8
65.640    505.4
65.660    523.9
65.680    475.6
65.700    451.6
65.720    486.0
65.740    509.9
65.760    516.7
65.780    522.8
65.800    474.3
65.820    497.7
65.840    446.7
65.860    462.2
65.880    480.8
65.900    491.5
65.920    529.1
65.940    511.6
65.960    532.3
65.980    443.1
66.000    500.4
66.020    459.7
66.040    519.4
66.060    482.8
66.080    500.8
66.100    515.9
66.120    495.9
66.140    463.1
66.160    471.6
66.180    462.9
66.200    470.5
66.220    477.7
66.240    512.5
66.260    433.0
66.280    568.0
66.300    490.1
66.320    497.1
66.340    476.1
66.360    482.4
66.380    484.5
66.400    471.6
66.420    528.9
66.440    488.3
66.460    495.9
66.480    481.9
66.500    582.5
66.520    479.9
66.540    512.6
66.560    531.9
66.580    466.3
66.600    473.3
66.620    466.3
66.640    509.4
66.660    513.6
66.680    528.2
66.700    472.7
66.720    501.5
66.740    486.0
66.760    512.7
66.780    419.5
66.800    554.2
66.820    479.9
66.840    523.4
66.860    472.1
66.880    507.4
66.900    483.0
66.920    483.7
66.940    543.5
66.960    551.4
66.980    469.4
67.000    489.5
67.020    458.3
67.040    537.6
67.060    525.5
67.080    520.3
67.100    465.5
67.120    504.9
67.140    488.3
67.160    485.1
67.180    500.5
67.200    522.7
67.220    534.0
67.240    513.1
67.260    535.6
67.280    506.0
67.300    498.0
67.320    514.0
67.340    505.2
67.360    503.9
67.380    543.8
67.400    531.1
67.420    506.5
67.440    495.7
67.460    518.2
67.480    524.5
67.500    495.3
67.520    476.0
67.540    446.1
67.560    554.0
67.580    504.5
67.600    498.6
67.620    529.6
67.640    551.9
67.660    473.9
67.680    548.7
67.700    539.7
67.720    534.1
67.740    492.4
67.760    499.7
67.780    518.3
67.800    509.6
67.820    503.1
67.840    528.5
67.860    518.9
67.880    482.0
67.900    457.8
67.920    499.0
67.940    500.3
67.960    468.7
67.980    473.7
68.000    461.2
68.020    494.3
68.040    451.0
68.060    525.6
68.080    492.6
68.100    505.4
68.120    562.2
68.140    505.3
68.160    457.4
68.180    533.3
68.200    498.3
68.220    459.2
68.240    460.9
68.260    495.0
68.280    488.6
68.300    541.6
68.320    476.9
68.340    514.7
68.360    511.7
68.380    473.0
68.400    512.5
68.420    495.2
68.440    495.1
68.460    500.3
68.480    529.3
68.500    513.4
68.520    560.4
68.540    496.7
68.560    478.4
68.580    521.2
68.600    443.4
68.620    553.4
68.640    568.6
68.660    546.0
68.680    520.3
68.700    497.7
68.720    521.7
68.740    481.2
68.760    515.9
68.780    508.5
68.800    522.2
68.820    471.5
68.840    514.7
68.860    493.9
68.880    476.7
68.900    482.5
68.920    506.7
68.940    514.0
68.960    409.4
68.980    483.9
69.000    545.9
69.020    555.1
69.040    513.9
69.060    495.9
69.080    481.3
69.100    553.5
69.120    499.2
69.140    523.8
69.160    458.6
69.180    480.1
69.200    546.7
69.220    523.6
69.240    506.6
69.260    454.9
69.280    514.4
69.300    516.5
69.320    534.1
69.340    462.9
69.360    467.7
69.380    502.5
69.400    500.4
69.420    491.3
69.440    484.0
69.460    471.2
69.480    499.4
69.500    466.5
69.520    488.2
69.540    517.1
69.560    474.8
69.580    492.3
69.600    560.8
69.620    463.7
69.640    484.1
69.660    504.8
69.680    538.8
69.700    522.7
69.720    538.1
69.740    524.4
69.760    479.6
69.780    484.1
69.800    498.0
69.820    506.3
69.840    533.4
69.860    488.2
69.880    510.1
69.900    525.2
69.920    452.5
69.940    509.0
69.960    502.0
69.980    488.7
70.000    484.9
70.020    434.5
70.040    455.7
70.060    498.0
70.080    478.6
70.100    529.9
70.120    472.1
70.140    474.6
70.160    526.7
70.180    497.4
70.200    525.1
70.220    478.0
70.240    469.8
70.260    534.9
70.280    522.1
70.300    465.0
70.320    474.5
70.340    565.5
70.360    506.5
70.380    572.3
70.400    504.6
70.420    500.1
70.440    515.2
70.460    541.6
70.480    501.1
70.500    494.2
70.520    493.4
70.540    490.9
70.560    512.3
70.580    544.0
70.600    516.8
70.620    483.6
70.640    493.4
70.660    479.6
70.680    499.3
70.700    458.4
70.720    524.1
70.740    505.4
70.760    487.4
70.780    498.1
70.800    498.8
70.820    505.1
70.840    502.8
70.860    528.6
70.880    523.6
70.900    440.8
70.920    507.9
70.940    564.9
70.960    482.0
70.980    511.1
71.000    487.4
71.020    452.6
71.040    535.5
71.060    521.3
71.080    435.4
71.100    492.3
71.120    515.3
71.140    518.2
71.160    457.2
71.180    520.1
71.200    504.2
71.220    458.8
71.240    492.0
71.260    519.0
71.280    528.6
71.300    494.8
71.320    540.7
71.340    500.2
71.360    511.0
71.380    524.0
71.400    472.4
71.420    502.6
71.440    466.3
71.460    455.1
71.480    480.8
71.500    477.9
71.520    497.8
71.540    515.8
71.560    497.8
71.580    480.0
71.600    506.8
71.620    471.7
71.640    499.1
71.660    535.3
71.680    496.5
71.700    438.2
71.720    427.2
71.740    525.6
71.760    520.2
71.780    498.8
71.800    532.2
71.820    512.6
71.840    517.1
71.860    474.3
71.880    535.3
71.900    556.7
71.920    547.0
71.940    506.6
71.960    512.0
71.980    536.8
72.000    492.2
72.020    529.2
72.040    480.5
72.060    543.4
72.080    540.3
72.100    545.7
72.120    517.7
72.140    468.8
72.160    511.5
72.180    510.4
72.200    497.7
72.220    501.2
72.240    563.8
72.260    514.8
72.280    534.7
72.300    520.4
72.320    485.3
72.340    514.1
72.360    495.6
72.380    530.2
72.400    479.8
72.420    468.8
72.440    502.3
72.460    509.1
72.480    488.5
72.500    489.7
72.520    506.2
72.540    500.9
72.560    492.9
72.580    527.8
72.600    506.7
72.620    528.8
72.640    517.9
72.660    479.5
72.680    497.6
72.700    531.0
72.720    508.8
72.740    552.7
72.760    502.4
72.780    495.3
72.800    472.0
72.820    445.3
72.840    472.5
72.860    550.0
72.880    451.6
72.900    546.1
72.920    525.8
72.940    437.0
72.960    480.0
72.980    535.5
73.000    538.1
73.020    524.0
73.040    511.4
73.060    533.4
73.080    514.8
73.100    445.8
73.120    478.8
73.140    452.6
73.160    492.2
73.180    549.2
73.200    468.0
73.220    445.1
73.240    512.1
73.260    427.2
73.280    493.3
73.300    505.2
73.320    545.8
73.340    512.0
73.360    557.4
73.380    484.1
73.400    518.4
73.420    472.8
73.440    516.8
73.460    529.6
73.480    480.9
73.500    501.7
73.520    502.3
73.540    550.0
73.560    502.3
73.580    492.7
73.600    492.7
73.620    421.9
73.640    488.2
73.660    514.9
73.680    486.5
73.700    491.6
73.720    504.2
73.740    527.8
73.760    506.9
73.780    505.2
73.800    507.6
73.820    470.9
73.840    466.1
73.860    466.3
73.880    507.4
73.900    466.9
73.920    516.9
73.940    472.8
73.960    494.4
73.980    529.4
74.000    569.6
74.020    510.9
74.040    435.3
74.060    489.2
74.080    514.1
74.100    520.0
74.120    474.2
74.140    437.5
74.160    495.1
74.180    476.1
74.200    473.0
74.220    445.6
74.240    498.6
74.260    438.8
74.280    477.3
74.300    487.7
74.320    484.3
74.340    494.4
74.360    538.4
74.380    542.9
74.400    491.3
74.420    470.4
74.440    460.0
74.460    462.0
74.480    468.6
74.500    516.8
74.520    508.1
74.540    464.1
74.560    473.7
74.580    531.2
74.600    441.0
74.620    508.0
74.640    528.0
74.660    479.5
74.680    513.5
74.700    510.2
74.720    498.9
74.740    461.4
74.760    492.5
74.780    457.5
74.800    464.6
74.820    533.3
74.840    482.6
74.860    446.7
74.880    518.7
74.900    531.2
74.920    533.7
74.940    516.5
74.960    506.8
74.980    424.0
75.000    519.5
75.020    473.4
75.040    491.6
75.060    520.3
75.080    512.5
75.100    502.8
75.120    535.7
75.140    549.7
75.160    484.2
75.180    479.3
75.200    566.6
75.220    529.9
75.240    501.4
75.260    479.8
75.280    517.7
75.300    558.7
75.320    485.6
75.340    524.1
75.360    472.9
75.380    534.7
75.400    510.6
75.420    554.2
75.440    522.2
75.460    510.7
75.480    485.0
75.500    479.6
75.520    495.2
75.540    524.8
75.560    508.8
75.580    514.8
75.600    512.2
75.620    532.5
75.640    556.6
75.660    513.4
75.680    531.1
75.700    461.5
75.720    448.0
75.740    477.0
75.760    520.1
75.780    471.7
75.800    469.7
75.820    524.4
75.840    502.6
75.860    500.0
75.880    483.5
75.900    523.8
75.920    510.7
75.940    503.2
75.960    472.6
75.980    465.3
76.000    550.6
76.020    484.6
76.040    490.4
76.060    484.3
76.080    464.2
76.100    466.9
76.120    510.7
76.140    442.2
76.160    533.2
76.180    458.1
76.200    446.4
76.220    438.0
76.240    500.9
76.260    565.7
76.280    530.3
76.300    518.4
76.320    493.8
76.340    523.9
76.360    510.5
76.380    508.6
76.400    513.6
76.420    554.2
76.440    538.4
76.460    553.6
76.480    503.4
76.500    539.0
76.520    526.7
76.540    465.6
76.560    478.9
76.580    529.6
76.600    505.5
76.620    534.2
76.640    508.1
76.660    503.1
76.680    480.9
76.700    445.5
76.720    531.1
76.740    487.6
76.760    498.6
76.780    483.7
76.800    518.4
76.820    493.1
76.840    484.2
76.860    484.8
76.880    485.4
76.900    500.9
76.920    513.2
76.940    422.2
76.960    474.4
76.980    493.4
77.000    532.5
77.020    523.9
77.040    484.1
77.060    472.5
77.080    500.7
77.100    473.5
77.120    519.9
77.140    551.5
77.160    535.7
77.180    530.2
77.200    479.0
77.220    442.0
77.240    469.5
77.260    516.0
77.280    559.1
77.300    536.5
77.320    514.1
77.340    479.3
77.360    516.8
77.380    481.9
77.400    462.4
77.420    478.9
77.440    473.7
77.460    550.7
77.480    483.2
77.500    533.9
77.520    509.5
77.540    504.4
77.560    515.5
77.580    514.1
77.600    566.5
77.620    473.6
77.640    491.5
77.660    515.7
77.680    528.2
77.700    467.6
77.720    494.4
77.740    543.6
77.760    501.0
77.780    498.2
77.800    495.8
77.820    484.2
77.840    531.2
77.860    472.0
77.880    518.9
77.900    515.0
77.920    463.5
77.940    518.7
77.960    528.6
77.980    557.3
78.000    519.9
78.020    503.8
78.040    513.9
78.060    467.3
78.080    526.4
78.100    527.5
78.120    469.2
78.140    448.0
78.160    462.0
78.180    492.6
78.200    486.3
78.220    539.8
78.240    511.2
78.260    490.0
78.280    522.3
78.300    506.0
78.320    482.0
78.340    475.3
78.360    491.6
78.380    541.8
78.400    527.8
78.420    562.6
78.440    490.1
78.460    517.7
78.480    483.0
78.500    484.2
78.520    474.1
78.540    458.8
78.560    533.4
78.580    493.8
78.600    461.6
78.620    459.3
78.640    496.2
78.660    504.6
78.680    507.1
78.700    466.1
78.720    461.4
78.740    446.4
78.760    512.2
78.780    497.0
78.800    542.3
78.820    489.5
78.840    508.1
78.860    483.4
78.880    453.0
78.900    532.2
78.920    452.6
78.940    522.3
78.960    535.1
78.980    468.5
79.000    486.1
79.020    495.5
79.040    484.5
79.060    523.3
79.080    450.7
79.100    458.0
79.120    503.9
79.140    471.3
79.160    518.9
79.180    470.1
79.200    476.8
79.220    539.0
79.240    478.2
79.260    468.4
79.280    493.1
79.300    501.0
79.320    499.2
79.340    493.0
79.360    549.3
79.380    470.4
79.400    496.9
79.420    517.6
79.440    463.8
79.460    524.9
79.480    515.6
79.500    466.2
79.520    535.9
79.540    536.3
79.560    462.8
79.580    521.7
79.600    480.6
79.620    495.5
79.640    512.8
79.660    514.2
79.680    491.7
79.700    474.8
79.720    530.2
79.740    479.8
79.760    494.3
79.780    481.1
79.800    501.0
79.820    473.3
79.840    503.1
79.860    501.3
79.880    511.9
79.900    517.8
79.920    557.7
79.940    498.4
79.960    498.7
79.980    486.6
80.000    474.8
