# SYNTHETIC DATA – not measured – generated by make_demo_data.py
# Sample: Annealed 3um
# Date: 2025-06-20
# 2Theta (deg)    Intensity (counts)
20.000    2055.7
20.020    2102.8
20.040    2132.7
20.060    2079.2
20.080    2081.3
20.100    2127.9
20.120    2105.3
20.140    2135.5
20.160    2166.6
20.180    2142.8
20.200    2166.0
20.220    2070.8
20.240    2179.5
20.260    2150.4
20.280    2134.3
20.300    2165.1
20.320    2141.0
20.340    2148.5
20.360    2129.4
20.380    2178.3
20.400    2163.4
20.420    2187.1
20.440    2242.1
20.460    2226.2
20.480    2192.5
20.500    2251.3
20.520    2274.0
20.540    2251.3
20.560    2257.3
20.580    2259.7
20.600    2238.9
20.620    2306.7
20.640    2295.4
20.660    2284.6
20.680    2291.6
20.700    2294.4
20.720    2349.5
20.740    2301.5
20.760    2264.6
20.780    2325.6
20.800    2353.8
20.820    2352.6
20.840    2325.9
20.860    2293.8
20.880    2410.7
20.900    2323.3
20.920    2362.2
20.940    2358.1
20.960    2347.9
20.980    2359.3
21.000    2343.3
21.020    2353.9
21.040    2370.2
21.060    2386.1
21.080    2467.8
21.100    2368.5
21.120    2436.8
21.140    2408.9
21.160    2398.7
21.180    2371.6
21.200    2416.3
21.220    2390.4
21.240    2433.9
21.260    2439.8
21.280    2396.1
21.300    2470.8
21.320    2434.7
21.340    2444.4
21.360    2455.5
21.380    2438.8
21.400    2484.9
21.420    2505.7
21.440    2465.5
21.460    2491.2
21.480    2523.6
21.500    2490.1
21.520    2465.3
21.540    2510.8
21.560    2481.1
21.580    2473.5
21.600    2437.6
21.620    2487.3
21.640    2458.9
21.660    2493.9
21.680    2423.8
21.700    2453.1
21.720    2534.5
21.740    2544.3
21.760    2503.5
21.780    2501.8
21.800    2423.5
21.820    2508.8
21.840    2474.5
21.860    2429.3
21.880    2464.8
21.900    2463.4
21.920    2516.6
21.940    2502.4
21.960    2569.7
21.980    2542.5
22.000    2500.1
22.020    2514.6
22.040    2460.7
22.060    2524.0
22.080    2487.7
22.100    2502.9
22.120    2507.9
22.140    2498.7
22.160    2484.0
22.180    2518.4
22.200    2518.3
22.220    2417.0
22.240    2474.1
22.260    2485.9
22.280    2472.4
22.300    2493.6
22.320    2513.3
22.340    2489.9
22.360    2479.1
22.380    2513.9
22.400    2492.1
22.420    2488.0
22.440    2540.6
22.460    2508.7
22.480    2442.9
22.500    2512.1
22.520    2446.4
22.540    2472.6
22.560    2406.5
22.580    2490.7
22.600    2403.7
22.620    2467.0
22.640    2514.3
22.660    2465.3
22.680    2444.2
22.700    2408.6
22.720    2426.2
22.740    2458.6
22.760    2356.2
22.780    2389.9
22.800    2456.8
22.820    2400.6
22.840    2445.0
22.860    2425.7
22.880    2374.4
22.900    2393.0
22.920    2436.3
22.940    2378.8
22.960    2383.4
22.980    2396.6
23.000    2358.4
23.020    2362.0
23.040    2381.4
23.060    2355.2
23.080    2356.1
23.100    2371.4
23.120    2402.6
23.140    2340.3
23.160    2319.2
23.180    2423.0
23.200    2357.3
23.220    2263.7
23.240    2302.0
23.260    2260.8
23.280    2329.0
23.300    2264.1
23.320    2279.5
23.340    2339.7
23.360    2262.5
23.380    2276.7
23.400    2281.6
23.420    2295.6
23.440    2290.6
23.460    2298.0
23.480    2225.1
23.500    2252.5
23.520    2178.7
23.540    2224.9
23.560    2212.2
23.580    2265.5
23.600    2214.1
23.620    2186.0
23.640    2178.9
23.660    2155.2
23.680    2160.5
23.700    2147.3
23.720    2160.8
23.740    2135.9
23.760    2147.3
23.780    2171.3
23.800    2096.9
23.820    2100.8
23.840    2077.5
23.860    2172.4
23.880    2153.8
23.900    2110.2
23.920    2088.7
23.940    2050.3
23.960    2102.9
23.980    2067.1
24.000    2069.3
24.020    2051.6
24.040    1952.5
24.060    1981.7
24.080    2009.0
24.100    2033.4
24.120    1978.1
24.140    2006.5
24.160    1982.2
24.180    1950.8
24.200    1996.4
24.220    1933.8
24.240    1921.4
24.260    2004.2
24.280    1989.4
24.300    1944.2
24.320    1964.1
24.340    1899.7
24.360    1904.4
24.380    1916.0
24.400    1907.8
24.420    1905.5
24.440    1839.1
24.460    1901.0
24.480    1828.9
24.500    1852.7
24.520    1926.9
24.540    1868.9
24.560    1814.1
24.580    1831.7
24.600    1790.0
24.620    1783.4
24.640    1770.3
24.660    1776.5
24.680    1778.8
24.700    1790.2
24.720    1829.3
24.740    1768.3
24.760    1753.7
24.780    1701.5
24.800    1767.7
24.820    1723.9
24.840    1759.9
24.860    1705.7
24.880    1746.3
24.900    1668.4
24.920    1666.0
24.940    1662.4
24.960    1651.6
24.980    1660.8
25.000    1648.1
25.020    1572.1
25.040    1588.5
25.060    1589.5
25.080    1622.9
25.100    1586.1
25.120    1608.9
25.140    1599.1
25.160    1577.3
25.180    1501.0
25.200    1614.5
25.220    1562.3
25.240    1524.0
25.260    1543.1
25.280    1510.4
25.300    1519.4
25.320    1484.1
25.340    1565.9
25.360    1484.9
25.380    1498.7
25.400    1457.0
25.420    1495.1
25.440    1506.4
25.460    1461.6
25.480    1422.6
25.500    1446.9
25.520    1426.2
25.540    1449.2
25.560    1423.8
25.580    1417.6
25.600    1393.4
25.620    1383.1
25.640    1383.1
25.660    1413.1
25.680    1365.0
25.700    1375.3
25.720    1334.8
25.740    1330.4
25.760    1295.4
25.780    1317.5
25.800    1294.5
25.820    1238.4
25.840    1269.5
25.860    1243.0
25.880    1271.6
25.900    1259.9
25.920    1303.1
25.940    1260.9
25.960    1231.8
25.980    1228.6
26.000    1221.6
26.020    1212.6
26.040    1234.3
26.060    1195.6
26.080    1213.7
26.100    1228.9
26.120    1176.1
26.140    1184.4
26.160    1228.3
26.180    1186.6
26.200    1153.9
26.220    1175.5
26.240    1142.9
26.260    1118.5
26.280    1162.3
26.300    1101.5
26.320    1101.9
26.340    1110.6
26.360    1133.4
26.380    1121.1
26.400    1076.3
26.420    1087.7
26.440    1071.0
26.460    1100.0
26.480    1078.1
26.500    1041.8
26.520    1080.9
26.540    1010.3
26.560    1032.6
26.580    980.2
26.600    1059.3
26.620    1020.3
26.640    1036.9
26.660    1093.7
26.680    1015.7
26.700    1008.3
26.720    979.2
26.740    997.1
26.760    970.1
26.780    994.3
26.800    986.7
26.820    974.0
26.840    953.4
26.860    949.5
26.880    946.8
26.900    938.0
26.920    952.3
26.940    910.2
26.960    917.7
26.980    931.6
27.000    965.2
27.020    918.8
27.040    898.6
27.060    891.6
27.080    938.0
27.100    869.8
27.120    865.9
27.140    873.4
27.160    849.7
27.180    858.2
27.200    875.3
27.220    852.3
27.240    798.9
27.260    862.6
27.280    871.0
27.300    826.8
27.320    893.0
27.340    840.5
27.360    838.8
27.380    786.4
27.400    892.7
27.420    878.3
27.440    851.4
27.460    860.2
27.480    784.3
27.500    784.3
27.520    808.9
27.540    793.5
27.560    755.3
27.580    790.4
27.600    806.0
27.620    769.8
27.640    816.9
27.660    779.6
27.680    752.5
27.700    736.9
27.720    724.8
27.740    780.9
27.760    709.8
27.780    766.3
27.800    762.6
27.820    702.8
27.840    756.2
27.860    737.5
27.880    786.1
27.900    742.4
27.920    721.7
27.940    739.1
27.960    758.8
27.980    691.6
28.000    690.8
28.020    735.8
28.040    768.4
28.060    665.4
28.080    748.3
28.100    714.0
28.120    720.9
28.140    712.1
28.160    678.9
28.180    670.7
28.200    751.8
28.220    643.9
28.240    682.7
28.260    721.6
28.280    670.9
28.300    693.9
28.320    670.8
28.340    643.3
28.360    680.2
28.380    661.2
28.400    640.0
28.420    676.5
28.440    643.2
28.460    657.8
28.480    633.3
28.500    689.8
28.520    671.1
28.540    649.8
28.560    634.1
28.580    630.0
28.600    628.9
28.620    605.3
28.640    674.1
28.660    602.1
28.680    652.0
28.700    649.7
28.720    613.7
28.740    615.5
28.760    577.8
28.780    608.5
28.800    594.7
28.820    636.9
28.840    589.0
28.860    588.6
28.880    624.3
28.900    550.6
28.920    580.4
28.940    633.6
28.960    592.2
28.980    620.1
29.000    505.3
29.020    570.9
29.040    584.1
29.060    545.5
29.080    611.9
29.100    540.8
29.120    564.8
29.140    590.0
29.160    582.0
29.180    569.4
29.200    547.7
29.220    578.3
29.240    548.8
29.260    612.7
29.280    561.0
29.300    539.0
29.320    599.1
29.340    618.1
29.360    576.8
29.380    547.7
29.400    516.3
29.420    541.9
29.440    585.3
29.460    575.9
29.480    503.8
29.500    563.2
29.520    504.6
29.540    572.5
29.560    602.8
29.580    544.1
29.600    581.6
29.620    534.0
29.640    542.5
29.660    571.6
29.680    574.7
29.700    532.8
29.720    583.0
29.740    543.5
29.760    450.6
29.780    558.6
29.800    559.8
29.820    453.4
29.840    534.9
29.860    562.5
29.880    544.9
29.900    515.7
29.920    510.1
29.940    537.7
29.960    527.4
29.980    556.2
30.000    544.6
30.020    582.0
30.040    519.3
30.060    550.0
30.080    549.2
30.100    534.4
30.120    556.2
30.140    485.2
30.160    521.8
30.180    588.3
30.200    549.1
30.220    532.1
30.240    561.6
30.260    525.2
30.280    495.8
30.300    534.0
30.320    553.5
30.340    516.6
30.360    573.4
30.380    533.1
30.400    523.7
30.420    506.7
30.440    585.6
30.460    593.4
30.480    487.6
30.500    521.3
30.520    499.7
30.540    556.6
30.560    519.0
30.580    549.2
30.600    516.9
30.620    491.7
30.640    566.3
30.660    524.3
30.680    513.7
30.700    493.0
30.720    527.9
30.740    553.6
30.760    509.3
30.780    585.8
30.800    567.6
30.820    522.7
30.840    535.8
30.860    506.6
30.880    534.0
30.900    483.5
30.920    485.4
30.940    587.5
30.960    523.0
30.980    541.1
31.000    492.0
31.020    528.6
31.040    510.6
31.060    450.8
31.080    504.8
31.100    512.5
31.120    508.5
31.140    544.8
31.160    529.5
31.180    469.0
31.200    488.9
31.220    505.0
31.240    511.5
31.260    508.7
31.280    467.4
31.300    514.4
31.320    497.9
31.340    441.6
31.360    438.2
31.380    460.5
31.400    479.8
31.420    464.8
31.440    474.9
31.460    463.3
31.480    488.9
31.500    520.2
31.520    517.8
31.540    453.8
31.560    530.0
31.580    546.7
31.600    482.5
31.620    557.9
31.640    506.2
31.660    470.0
31.680    549.2
31.700    499.6
31.720    489.6
31.740    561.6
31.760    548.4
31.780    495.4
31.800    484.0
31.820    503.5
31.840    510.1
31.860    530.1
31.880    428.2
31.900    514.3
31.920    510.7
31.940    493.3
31.960    509.1
31.980    524.3
32.000    456.6
32.020    462.5
32.040    497.9
32.060    494.7
32.080    499.4
32.100    512.2
32.120    563.7
32.140    488.6
32.160    508.6
32.180    527.2
32.200    490.3
32.220    487.9
32.240    509.6
32.260    513.0
32.280    476.2
32.300    515.5
32.320    511.5
32.340    508.2
32.360    528.2
32.380    457.1
32.400    523.1
32.420    483.6
32.440    495.9
32.460    489.8
32.480    468.0
32.500    511.2
32.520    558.0
32.540    505.1
32.560    536.5
32.580    475.8
32.600    478.1
32.620    498.1
32.640    481.8
32.660    476.7
32.680    520.0
32.700    513.6
32.720    524.0
32.740    502.3
32.760    493.0
32.780    486.4
32.800    530.3
32.820    496.8
32.840    534.7
32.860    530.0
32.880    564.9
32.900    489.9
32.920    542.9
32.940    468.6
32.960    542.4
32.980    524.1
33.000    541.8
33.020    448.2
33.040    550.2
33.060    497.1
33.080    495.0
33.100    455.9
33.120    478.8
33.140    538.6
33.160    552.3
33.180    517.4
33.200    482.2
33.220    520.5
33.240    455.9
33.260    493.0
33.280    480.7
33.300    533.9
33.320    454.3
33.340    487.9
33.360    511.6
33.380    518.5
33.400    460.6
33.420    483.6
33.440    436.1
33.460    525.1
33.480    485.5
33.500    487.3
33.520    481.0
33.540    545.2
33.560    496.9
33.580    472.1
33.600    529.8
33.620    517.3
33.640    497.7
33.660    471.9
33.680    500.2
33.700    514.9
33.720    494.8
33.740    496.3
33.760    527.4
33.780    475.0
33.800    521.4
33.820    488.6
33.840    463.3
33.860    525.1
33.880    522.9
33.900    477.4
33.920    477.7
33.940    535.3
33.960    505.9
33.980    447.9
34.000    476.0
34.020    512.2
34.040    485.1
34.060    529.5
34.080    489.5
34.100    518.3
34.120    503.6
34.140    512.9
34.160    506.5
34.180    503.1
34.200    466.2
34.220    537.8
34.240    487.9
34.260    469.7
34.280    548.2
34.300    484.5
34.320    545.5
34.340    439.5
34.360    512.7
34.380    503.1
34.400    479.7
34.420    535.8
34.440    472.0
34.460    505.2
34.480    487.4
34.500    527.6
34.520    470.3
34.540    508.0
34.560    505.6
34.580    441.1
34.600    594.0
34.620    508.8
34.640    515.1
34.660    525.5
34.680    490.9
34.700    486.7
34.720    435.3
34.740    485.1
34.760    498.9
34.780    517.5
34.800    503.8
34.820    508.3
34.840    506.0
34.860    512.0
34.880    512.0
34.900    506.2
34.920    527.4
34.940    455.2
34.960    489.5
34.980    522.8
35.000    499.0
35.020    473.9
35.040    493.4
35.060    496.4
35.080    504.4
35.100    560.8
35.120    543.7
35.140    488.1
35.160    507.8
35.180    560.8
35.200    488.5
35.220    524.8
35.240    493.2
35.260    473.3
35.280    495.7
35.300    503.6
35.320    539.4
35.340    478.9
35.360    542.5
35.380    496.2
35.400    497.2
35.420    472.3
35.440    439.8
35.460    503.3
35.480    478.5
35.500    502.9
35.520    492.7
35.540    438.8
35.560    482.4
35.580    496.9
35.600    497.8
35.620    501.9
35.640    497.9
35.660    472.9
35.680    496.1
35.700    482.0
35.720    497.4
35.740    499.8
35.760    497.2
35.780    556.0
35.800    466.5
35.820    445.1
35.840    513.2
35.860    482.0
35.880    505.9
35.900    492.9
35.920    508.3
35.940    485.4
35.960    483.5
35.980    556.7
36.000    535.7
36.020    468.3
36.040    488.8
36.060    536.0
36.080    503.4
36.100    466.6
36.120    511.9
36.140    524.0
36.160    491.6
36.180    507.6
36.200    484.1
36.220    538.8
36.240    560.7
36.260    504.6
36.280    484.3
36.300    523.7
36.320    506.6
36.340    504.3
36.360    473.5
36.380    480.6
36.400    472.0
36.420    478.9
36.440    495.5
36.460    484.0
36.480    554.6
36.500    496.9
36.520    487.9
36.540    502.8
36.560    530.7
36.580    534.7
36.600    469.3
36.620    472.0
36.640    471.8
36.660    494.9
36.680    501.1
36.700    548.5
36.720    544.4
36.740    477.3
36.760    429.5
36.780    455.7
36.800    474.6
36.820    496.8
36.840    516.3
36.860    462.3
36.880    524.3
36.900    525.8
36.920    428.6
36.940    457.9
36.960    549.8
36.980    489.1
37.000    497.5
37.020    608.3
37.040    506.2
37.060    493.6
37.080    431.0
37.100    494.8
37.120    509.4
37.140    473.2
37.160    543.3
37.180    470.9
37.200    538.6
37.220    510.0
37.240    482.0
37.260    517.2
37.280    543.5
37.300    520.2
37.320    458.0
37.340    523.4
37.360    489.5
37.380    522.7
37.400    524.8
37.420    494.9
37.440    527.7
37.460    478.7
37.480    534.0
37.500    485.2
37.520    520.2
37.540    506.7
37.560    481.5
37.580    539.5
37.600    455.4
37.620    526.9
37.640    488.8
37.660    499.0
37.680    500.3
37.700    478.1
37.720    512.3
37.740    465.5
37.760    415.7
37.780    498.0
37.800    455.4
37.820    531.5
37.840    495.8
37.860    499.2
37.880    463.7
37.900    526.0
37.920    476.3
37.940    464.2
37.960    456.8
37.980    476.0
38.000    532.7
38.020    517.6
38.040    498.8
38.060    482.5
38.080    493.0
38.100    540.6
38.120    510.4
38.140    505.8
38.160    545.7
38.180    494.4
38.200    503.1
38.220    451.7
38.240    479.6
38.260    482.8
38.280    495.7
38.300    509.6
38.320    478.8
38.340    509.3
38.360    523.9
38.380    482.5
38.400    499.8
38.420    511.0
38.440    455.9
38.460    532.5
38.480    483.0
38.500    500.5
38.520    448.4
38.540    513.3
38.560    513.0
38.580    494.9
38.600    472.9
38.620    512.4
38.640    453.9
38.660    521.6
38.680    521.1
38.700    521.0
38.720    535.6
38.740    493.7
38.760    508.5
38.780    521.5
38.800    515.8
38.820    472.9
38.840    494.3
38.860    485.1
38.880    507.1
38.900    504.8
38.920    530.0
38.940    524.4
38.960    535.1
38.980    489.1
39.000    543.8
39.020    526.0
39.040    594.8
39.060    517.8
39.080    435.3
39.100    552.8
39.120    468.2
39.140    502.0
39.160    494.0
39.180    496.1
39.200    550.0
39.220    525.4
39.240    515.7
39.260    490.1
39.280    494.5
39.300    507.8
39.320    513.5
39.340    498.5
39.360    448.1
39.380    512.3
39.400    502.2
39.420    477.0
39.440    517.8
39.460    525.1
39.480    494.5
39.500    578.2
39.520    474.1
39.540    499.4
39.560    509.0
39.580    507.0
39.600    536.3
39.620    481.7
39.640    472.5
39.660    556.3
39.680    499.6
39.700    515.8
39.720    522.2
39.740    531.6
39.760    517.9
39.780    472.0
39.800    492.7
39.820    503.1
39.840    520.3
39.860    546.1
39.880    472.3
39.900    511.9
39.920    505.9
39.940    509.4
39.960    440.3
39.980    463.6
40.000    491.7
40.020    474.1
40.040    485.2
40.060    489.4
40.080    514.6
40.100    457.9
40.120    458.0
40.140    468.3
40.160    520.4
40.180    467.5
40.200    530.0
40.220    518.0
40.240    502.8
40.260    462.5
40.280    497.4
40.300    495.7
40.320    485.1
40.340    456.8
40.360    476.7
40.380    470.4
40.400    477.9
40.420    502.7
40.440    476.6
40.460    466.7
40.480    546.4
40.500    514.4
40.520    557.8
40.540    525.9
40.560    483.1
40.580    512.9
40.600    504.4
40.620    508.4
40.640    513.8
40.660    496.7
40.680    524.5
40.700    525.4
40.720    439.4
40.740    510.4
40.760    512.4
40.780    484.4
40.800    542.6
40.820    509.7
40.840    538.8
40.860    544.1
40.880    538.1
40.900    486.7
40.920    499.4
40.940    496.9
40.960    465.8
40.980    491.3
41.000    518.5
41.020    453.0
41.040    514.3
41.060    462.6
41.080    458.5
41.100    506.2
41.120    464.5
41.140    525.1
41.160    521.7
41.180    509.3
41.200    479.8
41.220    497.6
41.240    533.4
41.260    545.2
41.280    475.4
41.300    436.7
41.320    490.0
41.340    500.8
41.360    506.6
41.380    520.2
41.400    468.9
41.420    467.6
41.440    464.3
41.460    515.1
41.480    491.5
41.500    518.8
41.520    513.4
41.540    516.7
41.560    494.9
41.580    509.4
41.600    485.0
41.620    510.0
41.640    504.4
41.660    506.5
41.680    508.6
41.700    509.3
41.720    496.1
41.740    493.9
41.760    487.8
41.780    450.5
41.800    522.3
41.820    540.1
41.840    452.5
41.860    554.4
41.880    535.9
41.900    514.0
41.920    500.6
41.940    502.0
41.960    480.8
41.980    483.4
42.000    494.2
42.020    512.7
42.040    447.9
42.060    484.2
42.080    471.2
42.100    480.7
42.120    463.8
42.140    483.5
42.160    501.1
42.180    472.8
42.200    522.2
42.220    511.2
42.240    491.9
42.260    532.9
42.280    477.6
42.300    492.9
42.320    465.9
42.340    456.9
42.360    579.8
42.380    640.0
42.400    1109.1
42.420    2676.5
42.440    6424.6
42.460    13343.7
42.480    22933.6
42.500    31862.2
42.520    35524.9
42.540    31813.7
42.560    22901.5
42.580    13419.3
42.600    6454.3
42.620    2667.1
42.640    1134.7
42.660    676.1
42.680    563.2
42.700    540.7
42.720    511.3
42.740    495.5
42.760    501.5
42.780    489.7
42.800    512.7
42.820    542.4
42.840    487.1
42.860    472.6
42.880    496.8
42.900    523.5
42.920    467.8
42.940    499.4
42.960    476.8
42.980    467.3
43.000    539.1
43.020    502.9
43.040    483.9
43.060    501.0
43.080    495.9
43.100    510.1
43.120    530.9
43.140    481.8
43.160    529.6
43.180    489.8
43.200    508.1
43.220    467.3
43.240    467.5
43.260    507.7
43.280    502.5
43.300    491.4
43.320    506.0
43.340    469.9
43.360    530.9
43.380    549.4
43.400    500.8
43.420    515.3
43.440    490.5
43.460    522.4
43.480    496.7
43.500    488.4
43.520    500.6
43.540    480.9
43.560    495.6
43.580    513.7
43.600    474.0
43.620    517.6
43.640    489.2
43.660    513.3
43.680    469.8
43.700    466.1
43.720    514.8
43.740    487.5
43.760    511.0
43.780    548.0
43.800    527.2
43.820    490.7
43.840    553.9
43.860    477.0
43.880    445.0
43.900    571.9
43.920    487.0
43.940    527.5
43.960    482.2
43.980    526.9
44.000    507.3
44.020    579.9
44.040    491.7
44.060    543.6
44.080    511.0
44.100    529.5
44.120    510.0
44.140    505.2
44.160    459.8
44.180    518.1
44.200    451.0
44.220    501.8
44.240    525.6
44.260    500.4
44.280    521.6
44.300    539.5
44.320    532.1
44.340    504.6
44.360    502.5
44.380    529.5
44.400    507.7
44.420    496.6
44.440    479.5
44.460    498.4
44.480    499.7
44.500    479.7
44.520    512.0
44.540    509.0
44.560    460.7
44.580    465.3
44.600    520.4
44.620    526.0
44.640    531.2
44.660    508.3
44.680    500.9
44.700    477.4
44.720    511.5
44.740    460.7
44.760    442.4
44.780    500.5
44.800    496.1
44.820    541.4
44.840    474.3
44.860    478.7
44.880    478.4
44.900    472.3
44.920    522.2
44.940    514.1
44.960    529.8
44.980    489.0
45.000    518.3
45.020    569.8
45.040    579.9
45.060    677.8
45.080    852.7
45.100    1244.6
45.120    1631.9
45.140    1999.8
45.160    2378.0
45.180    2532.4
45.200    2427.7
45.220    2033.8
45.240    1659.9
45.260    1243.2
45.280    940.0
45.300    714.5
45.320    538.2
45.340    578.8
45.360    531.5
45.380    498.2
45.400    499.4
45.420    500.1
45.440    515.5
45.460    516.9
45.480    443.9
45.500    488.4
45.520    482.3
45.540    509.0
45.560    481.6
45.580    492.4
45.600    442.6
45.620    478.3
45.640    473.7
45.660    521.4
45.680    519.5
45.700    533.8
45.720    468.8
45.740    495.5
45.760    506.1
45.780    538.5
45.800    516.3
45.820    528.3
45.840    514.2
45.860    552.9
45.880    514.5
45.900    502.6
45.920    516.7
45.940    534.5
45.960    533.3
45.980    469.4
46.000    495.4
46.020    476.8
46.040    489.0
46.060    462.8
46.080    560.4
46.100    501.2
46.120    478.8
46.140    481.1
46.160    510.6
46.180    473.1
46.200    491.7
46.220    512.4
46.240    517.3
46.260    499.2
46.280    482.2
46.300    578.1
46.320    483.7
46.340    496.1
46.360    482.2
46.380    553.7
46.400    471.8
46.420    500.1
46.440    434.6
46.460    480.5
46.480    527.5
46.500    484.7
46.520    461.6
46.540    469.9
46.560    514.0
46.580    527.9
46.600    500.7
46.620    468.0
46.640    502.6
46.660    495.7
46.680    500.8
46.700    533.1
46.720    492.4
46.740    463.5
46.760    567.3
46.780    455.2
46.800    498.0
46.820    508.9
46.840    463.9
46.860    567.5
46.880    540.0
46.900    489.6
46.920    474.8
46.940    521.2
46.960    566.1
46.980    544.1
47.000    496.5
47.020    528.8
47.040    512.5
47.060    508.5
47.080    528.6
47.100    538.7
47.120    804.0
47.140    2573.7
47.160    11301.6
47.180    46298.8
47.200    155950.7
47.220    423021.5
47.240    920235.6
47.260    1603456.5
47.280    2237567.2
47.300    2500502.6
47.320    2237548.5
47.340    1603478.6
47.360    920146.9
47.380    423035.8
47.400    155923.0
47.420    46302.9
47.440    11307.0
47.460    2547.7
47.480    853.0
47.500    505.4
47.520    505.2
47.540    459.1
47.560    537.0
47.580    533.0
47.600    545.9
47.620    530.7
47.640    516.8
47.660    479.3
47.680    468.9
47.700    537.8
47.720    517.3
47.740    463.0
47.760    532.6
47.780    484.8
47.800    495.8
47.820    515.5
47.840    476.0
47.860    535.4
47.880    531.8
47.900    488.3
47.920    468.0
47.940    513.1
47.960    521.6
47.980    576.3
48.000    479.5
48.020    530.4
48.040    501.9
48.060    510.1
48.080    468.8
48.100    504.5
48.120    550.2
48.140    503.4
48.160    453.7
48.180    505.9
48.200    472.4
48.220    492.1
48.240    509.9
48.260    472.4
48.280    493.7
48.300    555.2
48.320    533.2
48.340    483.4
48.360    435.8
48.380    490.3
48.400    487.5
48.420    484.0
48.440    494.7
48.460    473.4
48.480    536.4
48.500    486.4
48.520    502.7
48.540    553.2
48.560    492.8
48.580    470.1
48.600    460.8
48.620    512.5
48.640    499.6
48.660    547.2
48.680    460.0
48.700    481.5
48.720    491.8
48.740    510.6
48.760    477.5
48.780    454.4
48.800    543.5
48.820    448.2
48.840    475.3
48.860    437.8
48.880    533.5
48.900    446.5
48.920    523.8
48.940    532.7
48.960    453.2
48.980    546.6
49.000    509.2
49.020    470.2
49.040    562.5
49.060    513.1
49.080    521.4
49.100    517.1
49.120    494.7
49.140    505.5
49.160    503.9
49.180    480.9
49.200    465.3
49.220    518.8
49.240    491.0
49.260    468.4
49.280    489.0
49.300    482.6
49.320    542.1
49.340    512.1
49.360    454.3
49.380    501.0
49.400    489.4
49.420    482.3
49.440    521.4
49.460    491.2
49.480    461.9
49.500    504.1
49.520    474.8
49.540    506.8
49.560    475.1
49.580    556.1
49.600    547.8
49.620    495.6
49.640    548.7
49.660    487.4
49.680    498.9
49.700    552.6
49.720    488.3
49.740    524.3
49.760    503.2
49.780    545.4
49.800    502.9
49.820    466.9
49.840    519.2
49.860    503.9
49.880    507.0
49.900    517.1
49.920    532.4
49.940    481.1
49.960    466.2
49.980    480.7
50.000    464.2
50.020    473.9
50.040    552.6
50.060    487.0
50.080    490.9
50.100    508.1
50.120    492.4
50.140    466.1
50.160    505.8
50.180    489.5
50.200    558.4
50.220    536.5
50.240    483.6
50.260    522.4
50.280    479.2
50.300    519.6
50.320    428.9
50.340    475.2
50.360    513.1
50.380    509.9
50.400    508.9
50.420    511.5
50.440    536.8
50.460    557.9
50.480    486.7
50.500    539.3
50.520    521.6
50.540    489.6
50.560    502.5
50.580    550.0
50.600    505.3
50.620    491.3
50.640    493.7
50.660    487.1
50.680    443.5
50.700    453.3
50.720    492.7
50.740    503.2
50.760    555.9
50.780    504.1
50.800    529.1
50.820    488.7
50.840    496.5
50.860    546.4
50.880    473.1
50.900    500.5
50.920    559.2
50.940    474.0
50.960    451.9
50.980    485.3
51.000    514.4
51.020    509.5
51.040    511.1
51.060    556.2
51.080    496.2
51.100    521.9
51.120    474.4
51.140    479.4
51.160    510.2
51.180    497.2
51.200    500.6
51.220    466.0
51.240    511.0
51.260    521.7
51.280    490.5
51.300    529.0
51.320    537.5
51.340    399.3
51.360    511.9
51.380    532.2
51.400    531.1
51.420    481.9
51.440    460.8
51.460    477.5
51.480    507.2
51.500    533.1
51.520    494.5
51.540    518.6
51.560    519.4
51.580    474.0
51.600    518.1
51.620    513.3
51.640    505.2
51.660    513.0
51.680    484.9
51.700    527.8
51.720    479.0
51.740    534.3
51.760    517.2
51.780    498.4
51.800    482.4
51.820    513.8
51.840    477.1
51.860    479.6
51.880    456.7
51.900    492.0
51.920    522.6
51.940    484.4
51.960    494.7
51.980    466.6
52.000    488.2
52.020    487.7
52.040    536.2
52.060    516.8
52.080    482.5
52.100    522.8
52.120    527.5
52.140    465.2
52.160    510.7
52.180    513.5
52.200    502.4
52.220    468.5
52.240    516.3
52.260    479.6
52.280    501.4
52.300    506.4
52.320    497.4
52.340    510.7
52.360    507.3
52.380    529.1
52.400    486.7
52.420    496.0
52.440    507.1
52.460    567.5
52.480    562.9
52.500    457.7
52.520    515.8
52.540    588.9
52.560    502.3
52.580    542.6
52.600    522.7
52.620    457.7
52.640    495.9
52.660    485.4
52.680    518.9
52.700    560.2
52.720    460.6
52.740    475.4
52.760    499.8
52.780    496.2
52.800    521.5
52.820    514.8
52.840    481.4
52.860    480.6
52.880    526.8
52.900    537.3
52.920    490.7
52.940    525.5
52.960    510.4
52.980    504.2
53.000    482.1
53.020    485.7
53.040    523.4
53.060    532.5
53.080    517.0
53.100    496.6
53.120    459.4
53.140    498.3
53.160    467.8
53.180    485.9
53.200    543.6
53.220    442.6
53.240    468.4
53.260    508.8
53.280    472.8
53.300    491.9
53.320    531.1
53.340    513.6
53.360    535.6
53.380    518.6
53.400    473.3
53.420    526.4
53.440    487.2
53.460    498.5
53.480    537.0
53.500    500.0
53.520    460.1
53.540    513.6
53.560    455.0
53.580    435.9
53.600    496.4
53.620    482.4
53.640    518.4
53.660    497.6
53.680    529.9
53.700    543.4
53.720    452.4
53.740    527.6
53.760    497.6
53.780    523.2
53.800    488.5
53.820    484.7
53.840    442.1
53.860    497.5
53.880    449.9
53.900    477.0
53.920    548.6
53.940    531.7
53.960    504.9
53.980    565.0
54.000    525.8
54.020    500.4
54.040    471.8
54.060    538.6
54.080    541.4
54.100    603.7
54.120    512.9
54.140    474.9
54.160    512.6
54.180    457.7
54.200    491.3
54.220    516.0
54.240    497.2
54.260    489.1
54.280    498.2
54.300    535.0
54.320    485.6
54.340    479.4
54.360    486.3
54.380    483.4
54.400    510.3
54.420    422.5
54.440    492.2
54.460    485.0
54.480    504.8
54.500    524.9
54.520    510.0
54.540    497.6
54.560    476.4
54.580    512.2
54.600    508.6
54.620    482.8
54.640    492.0
54.660    503.2
54.680    477.4
54.700    465.0
54.720    533.8
54.740    483.3
54.760    487.1
54.780    538.1
54.800    521.5
54.820    502.0
54.840    476.5
54.860    465.7
54.880    490.6
54.900    440.0
54.920    493.0
54.940    504.1
54.960    479.5
54.980    459.2
55.000    552.1
55.020    470.9
55.040    480.1
55.060    511.2
55.080    531.7
55.100    511.9
55.120    483.4
55.140    506.4
55.160    543.3
55.180    497.0
55.200    506.2
55.220    525.8
55.240    482.1
55.260    504.3
55.280    472.0
55.300    493.1
55.320    463.8
55.340    486.1
55.360    507.1
55.380    500.2
55.400    507.2
55.420    492.0
55.440    465.1
55.460    464.1
55.480    518.8
55.500    516.2
55.520    492.2
55.540    498.3
55.560    564.8
55.580    552.0
55.600    507.0
55.620    482.3
55.640    527.9
55.660    507.7
55.680    492.4
55.700    484.4
55.720    542.8
55.740    523.9
55.760    523.1
55.780    503.3
55.800    518.6
55.820    514.0
55.840    427.3
55.860    519.9
55.880    522.8
55.900    487.1
55.920    516.5
55.940    475.3
55.960    480.0
55.980    422.2
56.000    569.9
56.020    518.3
56.040    507.1
56.060    471.9
56.080    472.6
56.100    497.7
56.120    515.0
56.140    506.6
56.160    479.3
56.180    537.3
56.200    535.0
56.220    497.3
56.240    579.2
56.260    528.2
56.280    473.0
56.300    486.7
56.320    458.1
56.340    506.4
56.360    470.6
56.380    547.0
56.400    529.0
56.420    531.2
56.440    528.7
56.460    465.3
56.480    443.4
56.500    491.3
56.520    519.4
56.540    500.8
56.560    521.4
56.580    485.0
56.600    495.1
56.620    436.4
56.640    497.6
56.660    478.1
56.680    550.8
56.700    510.3
56.720    533.4
56.740    449.4
56.760    456.8
56.780    460.5
56.800    486.0
56.820    489.4
56.840    468.0
56.860    502.1
56.880    455.2
56.900    489.9
56.920    506.1
56.940    489.0
56.960    469.2
56.980    516.4
57.000    484.2
57.020    490.1
57.040    497.9
57.060    490.3
57.080    504.6
57.100    445.9
57.120    498.7
57.140    454.7
57.160    479.4
57.180    560.7
57.200    517.0
57.220    509.6
57.240    520.1
57.260    482.7
57.280    488.4
57.300    484.2
57.320    527.3
57.340    439.7
57.360    518.0
57.380    467.9
57.400    498.8
57.420    488.5
57.440    468.7
57.460    468.6
57.480    447.7
57.500    522.4
57.520    505.9
57.540    493.7
57.560    491.8
57.580    537.0
57.600    474.7
57.620    466.9
57.640    493.4
57.660    495.0
57.680    501.2
57.700    508.9
57.720    448.7
57.740    500.7
57.760    531.9
57.780    555.4
57.800    522.8
57.820    463.6
57.840    503.1
57.860    488.5
57.880    564.1
57.900    454.3
57.920    500.3
57.940    554.3
57.960    451.3
57.980    493.4
58.000    452.1
58.020    504.9
58.040    511.3
58.060    488.3
58.080    475.6
58.100    530.6
58.120    452.9
58.140    514.6
58.160    476.5
58.180    515.2
58.200    511.1
58.220    461.9
58.240    502.8
58.260    460.4
58.280    555.6
58.300    487.3
58.320    512.7
58.340    519.3
58.360    549.8
58.380    460.1
58.400    516.3
58.420    478.9
58.440    496.2
58.460    511.8
58.480    524.5
58.500    486.3
58.520    484.3
58.540    461.7
58.560    559.6
58.580    477.9
58.600    606.8
58.620    493.1
58.640    524.5
58.660    480.8
58.680    496.8
58.700    508.9
58.720    506.2
58.740    494.3
58.760    490.2
58.780    503.4
58.800    495.9
58.820    531.0
58.840    522.0
58.860    464.3
58.880    501.4
58.900    500.7
58.920    512.1
58.940    469.1
58.960    513.1
58.980    494.3
59.000    498.1
59.020    497.9
59.040    498.5
59.060    529.5
59.080    498.7
59.100    507.8
59.120    511.4
59.140    530.5
59.160    451.7
59.180    460.3
59.200    504.1
59.220    522.8
59.240    463.9
59.260    520.4
59.280    480.8
59.300    509.3
59.320    485.7
59.340    494.8
59.360    520.0
59.380    552.3
59.400    489.8
59.420    452.2
59.440    509.5
59.460    515.6
59.480    496.8
59.500    516.4
59.520    481.7
59.540    490.2
59.560    520.4
59.580    493.9
59.600    541.1
59.620    528.0
59.640    468.1
59.660    472.6
59.680    511.5
59.700    514.2
59.720    464.3
59.740    472.8
59.760    508.1
59.780    493.0
59.800    496.2
59.820    537.1
59.840    531.4
59.860    512.0
59.880    501.9
59.900    490.4
59.920    511.2
59.940    428.9
59.960    483.1
59.980    500.6
60.000    473.5
60.020    518.7
60.040    432.1
60.060    525.5
60.080    482.1
60.100    476.6
60.120    523.8
60.140    476.3
60.160    522.7
60.180    505.7
60.200    525.1
60.220    534.8
60.240    515.5
60.260    495.8
60.280    527.7
60.300    517.3
60.320    496.8
60.340    557.8
60.360    502.6
60.380    496.9
60.400    543.8
60.420    565.0
60.440    531.3
60.460    518.4
60.480    490.8
60.500    537.3
60.520    436.3
60.540    513.0
60.560    521.3
60.580    537.3
60.600    468.7
60.620    522.5
60.640    450.8
60.660    572.2
60.680    486.5
60.700    488.2
60.720    439.9
60.740    513.9
60.760    487.6
60.780    515.4
60.800    475.0
60.820    517.1
60.840    472.5
60.860    504.5
60.880    476.4
60.900    586.7
60.920    520.8
60.940    467.5
60.960    503.5
60.980    466.6
61.000    473.8
61.020    511.3
61.040    534.9
61.060    514.0
61.080    497.7
61.100    520.3
61.120    507.8
61.140    518.3
61.160    535.0
61.180    527.4
61.200    470.2
61.220    466.7
61.240    520.6
61.260    483.2
61.280    487.1
61.300    469.0
61.320    437.9
61.340    511.7
61.360    491.6
61.380    531.6
61.400    483.9
61.420    505.2
61.440    533.7
61.460    490.0
61.480    498.5
61.500    490.0
61.520    526.5
61.540    484.2
61.560    534.0
61.580    454.7
61.600    479.5
61.620    534.7
61.640    535.4
61.660    515.7
61.680    439.8
61.700    506.2
61.720    471.6
61.740    487.3
61.760    533.0
61.780    521.0
61.800    516.7
61.820    470.5
61.840    476.1
61.860    490.0
61.880    507.4
61.900    524.1
61.920    591.9
61.940    522.3
61.960    491.4
61.980    547.0
62.000    505.8
62.020    496.0
62.040    480.3
62.060    502.6
62.080    511.6
62.100    514.9
62.120    510.7
62.140    518.5
62.160    438.4
62.180    516.3
62.200    476.2
62.220    510.6
62.240    475.3
62.260    516.1
62.280    461.3
62.300    515.6
62.320    485.0
62.340    514.6
62.360    513.8
62.380    473.7
62.400    451.0
62.420    477.7
62.440    534.9
62.460    478.3
62.480    496.3
62.500    511.9
62.520    472.4
62.540    490.2
62.560    528.8
62.580    451.8
62.600    515.2
62.620    521.9
62.640    441.8
62.660    527.4
62.680    458.1
62.700    513.0
62.720    514.5
62.740    501.3
62.760    529.2
62.780    534.5
62.800    496.2
62.820    495.4
62.840    443.8
62.860    499.6
62.880    529.2
62.900    493.4
62.920    496.5
62.940    560.4
62.960    489.2
62.980    464.9
63.000    510.1
63.020    523.6
63.040    482.4
63.060    428.4
63.080    475.0
63.100    520.4
63.120    485.9
63.140    558.7
63.160    463.6
63.180    496.9
63.200    480.8
63.220    529.8
63.240    523.2
63.260    485.4
63.280    520.4
63.300    521.7
63.320    538.4
63.340    520.4
63.360    517.1
63.380    460.4
63.400    517.3
63.420    457.0
63.440    541.1
63.460    494.5
63.480    478.5
63.500    492.8
63.520    507.6
63.540    516.0
63.560    500.6
63.580    539.3
63.600    459.3
63.620    492.8
63.640    425.8
63.660    506.0
63.680    504.2
63.700    503.6
63.720    528.8
63.740    504.4
63.760    536.3
63.780    416.1
63.800    483.4
63.820    515.6
63.840    465.5
63.860    461.8
63.880    549.8
63.900    534.7
63.920    550.3
63.940    494.7
63.960    513.6
63.980    507.6
64.000    487.2
64.020    533.2
64.040    506.7
64.060    505.6
64.080    500.4
64.100    479.2
64.120    453.8
64.140    536.0
64.160    468.6
64.180    512.1
64.200    516.0
64.220    552.4
64.240    498.4
64.260    535.1
64.280    542.7
64.300    581.2
64.320    552.6
64.340    547.7
64.360    495.6
64.380    522.8
64.400    444.7
64.420    420.7
64.440    465.6
64.460    504.9
64.480    482.3
64.500    508.9
64.520    545.3
64.540    469.6
64.560    458.2
64.580    517.5
64.600    489.1
64.620    473.7
64.640    536.2
64.660    472.8
64.680    476.3
64.700    491.9
64.720    509.5
64.740    515.1
64.760    489.9
64.780    453.5
64.800    482.2
64.820    552.4
64.840    546.7
64.860    528.6
64.880    520.2
64.900    492.7
64.920    464.6
64.940    494.5
64.960    532.1
64.980    492.3
65.000    547.6
65.020    470.0
65.040    501.1
65.060    498.0
65.080    536.3
65.100    527.7
65.120    470.2
65.140    429.8
65.160    462.7
65.180    536.5
65.200    522.6
65.220    563.2
65.240    495.8
65.260    540.6
65.280    501.0
65.300    509.1
65.320    493.7
65.340    545.5
65.360    508.5
65.380    521.0
65.400    511.2
65.420    528.5
65.440    526.7
65.460    516.7
65.480    537.5
65.500    483.4
65.520    505.7
65.540    477.3
65.560    500.9
65.580    476.8
65.600    469.9
65.620    463.4
65.640    494.8
65.660    505.6
65.680    438.7
65.700    482.1
65.720    512.9
65.740    484.5
65.760    527.2
65.780    485.5
65.800    494.4
65.820    527.3
65.840    471.2
65.860    480.1
65.880    534.7
65.900    518.1
65.920    469.9
65.940    473.8
65.960    530.7
65.980    500.8
66.000    511.0
66.020    558.1
66.040    485.4
66.060    516.1
66.080    541.7
66.100    508.8
66.120    484.8
66.140    503.5
66.160    502.4
66.180    476.0
66.200    536.0
66.220    468.0
66.240    497.6
66.260    449.7
66.280    507.9
66.300    500.0
66.320    482.4
66.340    517.9
66.360    523.8
66.380    515.8
66.400    439.8
66.420    533.2
66.440    480.2
66.460    471.2
66.480    515.8
66.500    537.5
66.520    547.6
66.540    503.0
66.560    469.5
66.580    509.7
66.600    501.4
66.620    468.3
66.640    450.3
66.660    513.1
66.680    488.0
66.700    434.8
66.720    524.2
66.740    467.7
66.760    517.0
66.780    441.1
66.800    476.0
66.820    411.9
66.840    534.6
66.860    504.0
66.880    486.6
66.900    508.6
66.920    511.6
66.940    500.8
66.960    459.9
66.980    519.3
67.000    483.2
67.020    507.4
67.040    485.7
67.060    498.7
67.080    504.7
67.100    511.1
67.120    527.2
67.140    537.1
67.160    510.1
67.180    530.5
67.200    487.5
67.220    508.3
67.240    465.3
67.260    492.0
67.280    511.6
67.300    445.7
67.320    463.7
67.340    453.6
67.360    497.4
67.380    519.5
67.400    537.1
67.420    516.6
67.440    505.9
67.460    494.4
67.480    475.3
67.500    483.8
67.520    564.0
67.540    481.8
67.560    506.1
67.580    546.6
67.600    511.7
67.620    488.8
67.640    513.2
67.660    502.7
67.680    492.2
67.700    519.9
67.720    485.2
67.740    518.0
67.760    488.4
67.780    476.1
67.800    436.0
67.820    457.0
67.840    522.8
67.860    525.8
67.880    527.9
67.900    567.0
67.920    481.3
67.940    510.1
67.960    511.6
67.980    504.3
68.000    458.1
68.020    441.9
68.040    547.8
68.060    484.9
68.080    473.3
68.100    524.9
68.120    469.9
68.140    472.8
68.160    511.7
68.180    482.9
68.200    512.6
68.220    530.9
68.240    467.4
68.260    487.9
68.280    499.1
68.300    421.5
68.320    531.7
68.340    458.3
68.360    521.8
68.380    457.4
68.400    525.4
68.420    487.3
68.440    473.4
68.460    531.8
68.480    493.1
68.500    512.6
68.520    480.7
68.540    514.4
68.560    527.9
68.580    514.6
68.600    516.5
68.620    486.2
68.640    524.9
68.660    546.7
68.680    479.4
68.700    486.7
68.720    467.1
68.740    451.9
68.760    500.7
68.780    448.2
68.800    498.9
68.820    505.6
68.840    508.0
68.860    503.1
68.880    513.8
68.900    460.5
68.920    459.7
68.940    511.4
68.960    523.8
68.980    482.6
69.000    462.5
69.020    509.1
69.040    510.8
69.060    492.4
69.080    506.9
69.100    545.8
69.120    415.7
69.140    485.1
69.160    484.5
69.180    572.2
69.200    511.9
69.220    499.2
69.240    527.6
69.260    502.9
69.280    491.8
69.300    452.8
69.320    525.8
69.340    492.5
69.360    492.5
69.380    466.7
69.400    509.6
69.420    495.5
69.440    522.5
69.460    468.1
69.480    506.3
69.500    444.7
69.520    518.1
69.540    541.5
69.560    474.2
69.580    513.1
69.600    509.3
69.620    488.9
69.640    555.6
69.660    529.9
69.680    473.4
69.700    489.9
69.720    506.7
69.740    495.4
69.760    513.6
69.780    472.9
69.800    506.9
69.820    463.1
69.840    513.9
69.860    479.1
69.880    502.1
69.900    465.3
69.920    526.8
69.940    485.2
69.960    484.0
69.980    542.2
70.000    492.1
70.020    458.7
70.040    481.0
70.060    485.8
70.080    512.2
70.100    503.0
70.120    518.5
70.140    449.1
70.160    502.4
70.180    522.9
70.200    456.5
70.220    512.4
70.240    497.4
70.260    478.9
70.280    544.3
70.300    458.1
70.320    502.9
70.340    527.9
70.360    553.4
70.380    537.0
70.400    466.4
70.420    452.5
70.440    443.7
70.460    524.5
70.480    452.5
70.500    476.2
70.520    560.1
70.540    475.3
70.560    492.8
70.580    483.2
70.600    453.0
70.620    479.9
70.640    501.1
70.660    540.8
70.680    507.3
70.700    478.0
70.720    493.2
70.740    480.8
70.760    502.3
70.780    503.5
70.800    548.5
70.820    473.1
70.840    506.6
70.860    528.9
70.880    430.6
70.900    584.3
70.920    492.9
70.940    495.1
70.960    518.4
70.980    511.2
71.000    535.2
71.020    526.3
71.040    511.2
71.060    520.5
71.080    514.7
71.100    501.2
71.120    473.0
71.140    487.8
71.160    478.5
71.180    486.0
71.200    533.7
71.220    537.7
71.240    493.0
71.260    506.8
71.280    446.6
71.300    517.8
71.320    521.8
71.340    482.5
71.360    504.5
71.380    454.0
71.400    473.0
71.420    509.5
71.440    566.0
71.460    512.6
71.480    517.8
71.500    510.3
71.520    549.0
71.540    537.0
71.560    499.2
71.580    449.8
71.600    495.4
71.620    417.1
71.640    540.0
71.660    491.6
71.680    512.4
71.700    534.9
71.720    531.9
71.740    461.8
71.760    457.9
71.780    490.6
71.800    464.5
71.820    525.8
71.840    508.7
71.860    502.7
71.880    489.1
71.900    531.6
71.920    506.8
71.940    531.5
71.960    465.8
71.980    470.5
72.000    520.7
72.020    526.7
72.040    496.7
72.060    490.8
72.080    485.5
72.100    552.9
72.120    529.3
72.140    505.7
72.160    533.1
72.180    508.9
72.200    504.3
72.220    505.4
72.240    489.2
72.260    457.8
72.280    516.6
72.300    504.7
72.320    488.6
72.340    493.7
72.360    470.1
72.380    506.1
72.400    505.8
72.420    480.8
72.440    474.6
72.460    501.5
72.480    490.0
72.500    488.7
72.520    482.9
72.540    486.1
72.560    421.7
72.580    487.8
72.600    508.9
72.620    439.9
72.640    520.6
72.660    467.4
72.680    540.7
72.700    516.5
72.720    465.3
72.740    519.0
72.760    487.2
72.780    540.6
72.800    485.2
72.820    530.0
72.840    503.8
72.860    494.0
72.880    516.4
72.900    476.1
72.920    528.8
72.940    541.5
72.960    511.8
72.980    512.9
73.000    529.9
73.020    534.3
73.040    515.5
73.060    563.0
73.080    466.4
73.100    488.2
73.120    490.0
73.140    560.7
73.160    545.5
73.180    486.9
73.200    454.1
73.220    458.7
73.240    517.2
73.260    414.8
73.280    495.4
73.300    498.2
73.320    505.2
73.340    554.0
73.360    514.8
73.380    498.2
73.400    475.8
73.420    505.9
73.440    508.4
73.460    541.4
73.480    458.7
73.500    476.2
73.520    476.6
73.540    488.4
73.560    443.8
73.580    481.5
73.600    516.8
73.620    499.3
73.640    487.5
73.660    512.3
73.680    427.3
73.700    528.4
73.720    488.0
73.740    543.7
73.760    526.8
73.780    477.6
73.800    479.3
73.820    497.2
73.840    514.0
73.860    469.9
73.880    486.8
73.900    544.2
73.920    520.8
73.940    492.6
73.960    515.0
73.980    534.7
74.000    469.4
74.020    473.7
74.040    504.3
74.060    501.0
74.080    522.4
74.100    479.9
74.120    484.1
74.140    464.6
74.160    450.8
74.180    442.5
74.200    535.5
74.220    479.5
74.240    510.8
74.260    469.1
74.280    554.8
74.300    508.1
74.320    498.5
74.340    523.2
74.360    494.0
74.380    476.3
74.400    536.8
74.420    492.5
74.440    486.1
74.460    490.0
74.480    549.4
74.500    513.3
74.520    527.2
74.540    479.4
74.560    537.2
74.580    509.6
74.600    483.8
74.620    445.1
74.640    492.4
74.660    483.0
74.680    550.6
74.700    481.8
74.720    469.6
74.740    501.4
74.760    507.4
74.780    482.0
74.800    473.4
74.820    531.5
74.840    546.8
74.860    487.1
74.880    510.8
74.900    507.3
74.920    480.6
74.940    491.3
74.960    526.7
74.980    516.4
75.000    531.1
75.020    535.9
75.040    532.3
75.060    456.4
75.080    532.8
75.100    526.6
75.120    439.9
75.140    471.9
75.160    498.3
75.180    512.9
75.200    572.1
75.220    488.6
75.240    587.4
75.260    475.8
75.280    529.4
75.300    436.7
75.320    471.8
75.340    440.7
75.360    489.2
75.380    499.4
75.400    488.1
75.420    481.2
75.440    548.3
75.460    525.0
75.480    457.0
75.500    492.5
75.520    486.8
75.540    503.4
75.560    494.4
75.580    507.4
75.600    531.8
75.620    512.9
75.640    494.5
75.660    501.5
75.680    503.2
75.700    477.1
75.720    433.3
75.740    483.0
75.760    468.5
75.780    518.4
75.800    448.1
75.820    495.2
75.840    500.2
75.860    466.2
75.880    520.1
75.900    485.9
75.920    493.5
75.940    503.8
75.960    480.4
75.980    507.2
76.000    538.5
76.020    509.2
76.040    409.4
76.060    525.1
76.080    552.0
76.100    448.9
76.120    511.0
76.140    458.3
76.160    489.2
76.180    488.9
76.200    491.3
76.220    502.0
76.240    508.6
76.260    523.3
76.280    494.9
76.300    457.3
76.320    478.4
76.340    505.3
76.360    422.6
76.380    511.8
76.400    518.3
76.420    457.9
76.440    457.1
76.460    498.1
76.480    502.5
76.500    459.7
76.520    526.1
76.540    472.5
76.560    480.9
76.580    507.4
76.600    523.2
76.620    531.0
76.640    479.2
76.660    507.2
76.680    520.2
76.700    517.2
76.720    504.3
76.740    488.3
76.760    500.1
76.780    503.2
76.800    446.4
76.820    522.7
76.840    489.6
76.860    516.8
76.880    504.0
76.900    513.4
76.920    513.9
76.940    475.8
76.960    523.5
76.980    518.6
77.000    502.1
77.020    488.1
77.040    519.2
77.060    497.7
77.080    503.3
77.100    485.1
77.120    472.1
77.140    535.6
77.160    480.0
77.180    433.6
77.200    497.6
77.220    511.7
77.240    516.1
77.260    522.5
77.280    500.4
77.300    444.0
77.320    451.8
77.340    494.6
77.360    525.0
77.380    516.2
77.400    478.0
77.420    525.6
77.440    526.6
77.460    467.7
77.480    508.3
77.500    518.8
77.520    518.1
77.540    486.0
77.560    477.5
77.580    496.6
77.600    523.0
77.620    548.7
77.640    469.1
77.660    506.5
77.680    525.2
77.700    486.0
77.720    580.3
77.740    530.4
77.760    500.8
77.780    433.6
77.800    521.3
77.820    477.2
77.840    491.7
77.860    472.1
77.880    480.7
77.900    506.9
77.920    487.8
77.940    524.2
77.960    480.0
77.980    588.9
78.000    509.8
78.020    488.5
78.040    436.7
78.060    473.2
78.080    432.1
78.100    515.9
78.120    511.0
78.140    466.0
78.160    517.9
78.180    457.7
78.200    500.2
78.220    547.1
78.240    511.8
78.260    550.4
78.280    485.7
78.300    503.0
78.320    474.8
78.340    523.4
78.360    520.6
78.380    510.7
78.400    539.7
78.420    486.7
78.440    512.3
78.460    503.9
78.480    448.2
78.500    474.2
78.520    533.1
78.540    545.7
78.560    511.2
78.580    510.5
78.600    482.5
78.620    501.2
78.640    586.4
78.660    447.2
78.680    486.9
78.700    485.6
78.720    540.5
78.740    520.6
78.760    432.4
78.780    501.3
78.800    484.4
78.820    511.7
78.840    482.1
78.860    533.8
78.880    510.1
78.900    532.0
78.920    516.3
78.940    481.0
78.960    493.8
78.980    517.6
79.000    483.8
79.020    488.4
79.040    505.1
79.060    516.8
79.080    471.5
79.100    549.3
79.120    535.8
79.140    479.5
79.160    496.3
79.180    533.0
79.200    529.2
79.220    462.8
79.240    570.4
79.260    505.5
79.280    560.6
79.300    496.8
79.320    524.3
79.340    481.3
79.360    526.9
79.380    458.8
79.400    498.7
79.420    478.1
79.440    576.5
79.460    441.5
79.480    517.2
79.500    495.3
79.520    468.3
79.540    491.8
79.560    445.7
79.580    484.5
79.600    478.6
79.620    479.1
79.640    517.5
79.660    462.6
79.680    521.7
79.700    473.2
79.720    485.0
79.740    469.9
79.760    486.5
79.780    449.2
79.800    483.8
79.820    480.7
79.840    492.0
79.860    571.0
79.880    450.2
79.900    500.7
79.920    462.0
79.940    503.6
79.960    504.1
79.980    492.2
80.000    551.9
