# SYNTHETIC DATA – not measured – generated by make_demo_data.py
# Sample: Annealed 8um
# Date: 2025-06-20
# 2Theta (deg)    Intensity (counts)
20.000    2069.0
20.020    2008.7
20.040    2071.8
20.060    2134.2
20.080    2043.3
20.100    2114.0
20.120    2085.8
20.140    2158.7
20.160    2105.3
20.180    2107.8
20.200    2184.6
20.220    2180.3
20.240    2138.0
20.260    2095.4
20.280    2112.5
20.300    2183.9
20.320    2191.6
20.340    2140.6
20.360    2229.3
20.380    2214.5
20.400    2189.0
20.420    2207.5
20.440    2224.2
20.460    2207.2
20.480    2252.9
20.500    2233.0
20.520    2239.9
20.540    2279.4
20.560    2271.4
20.580    2218.2
20.600    2270.1
20.620    2243.5
20.640    2287.4
20.660    2301.7
20.680    2252.1
20.700    2329.9
20.720    2361.0
20.740    2323.5
20.760    2282.5
20.780    2317.9
20.800    2337.6
20.820    2348.7
20.840    2356.1
20.860    2322.5
20.880    2334.5
20.900    2377.5
20.920    2450.7
20.940    2373.9
20.960    2370.0
20.980    2394.1
21.000    2432.0
21.020    2387.2
21.040    2311.7
21.060    2377.4
21.080    2376.4
21.100    2369.6
21.120    2363.9
21.140    2380.4
21.160    2490.9
21.180    2439.9
21.200    2428.6
21.220    2385.6
21.240    2415.9
21.260    2443.4
21.280    2430.4
21.300    2433.6
21.320    2492.7
21.340    2488.1
21.360    2465.3
21.380    2403.5
21.400    2457.8
21.420    2423.0
21.440    2438.1
21.460    2457.4
21.480    2475.2
21.500    2497.9
21.520    2397.2
21.540    2493.7
21.560    2455.8
21.580    2475.0
21.600    2450.3
21.620    2528.2
21.640    2481.8
21.660    2509.2
21.680    2460.5
21.700    2517.8
21.720    2494.5
21.740    2464.4
21.760    2485.0
21.780    2473.3
21.800    2468.1
21.820    2535.4
21.840    2502.9
21.860    2482.4
21.880    2447.3
21.900    2526.8
21.920    2493.9
21.940    2486.0
21.960    2471.1
21.980    2542.6
22.000    2532.3
22.020    2485.1
22.040    2480.2
22.060    2483.3
22.080    2490.6
22.100    2493.9
22.120    2450.5
22.140    2472.3
22.160    2492.3
22.180    2524.0
22.200    2508.0
22.220    2494.6
22.240    2463.8
22.260    2499.0
22.280    2511.2
22.300    2513.8
22.320    2523.4
22.340    2472.5
22.360    2461.9
22.380    2511.1
22.400    2462.3
22.420    2492.8
22.440    2473.6
22.460    2424.3
22.480    2468.2
22.500    2458.4
22.520    2451.6
22.540    2445.6
22.560    2417.0
22.580    2436.2
22.600    2435.0
22.620    2477.3
22.640    2436.5
22.660    2448.3
22.680    2489.1
22.700    2377.3
22.720    2463.8
22.740    2434.6
22.760    2412.9
22.780    2383.7
22.800    2450.5
22.820    2424.5
22.840    2399.6
22.860    2373.1
22.880    2434.7
22.900    2446.8
22.920    2367.7
22.940    2389.5
22.960    2397.6
22.980    2409.5
23.000    2366.4
23.020    2436.3
23.040    2367.7
23.060    2354.4
23.080    2334.8
23.100    2320.3
23.120    2371.1
23.140    2346.1
23.160    2314.9
23.180    2303.2
23.200    2357.8
23.220    2357.7
23.240    2336.4
23.260    2316.9
23.280    2289.2
23.300    2331.8
23.320    2334.4
23.340    2296.2
23.360    2277.0
23.380    2328.9
23.400    2248.5
23.420    2279.4
23.440    2323.2
23.460    2257.1
23.480    2241.7
23.500    2174.3
23.520    2207.0
23.540    2223.3
23.560    2277.9
23.580    2176.6
23.600    2276.5
23.620    2202.0
23.640    2186.9
23.660    2200.8
23.680    2141.6
23.700    2188.1
23.720    2215.5
23.740    2099.3
23.760    2123.6
23.780    2104.7
23.800    2141.1
23.820    2132.9
23.840    2178.7
23.860    2080.4
23.880    2142.0
23.900    2083.8
23.920    2104.4
23.940    2079.6
23.960    2095.4
23.980    2040.6
24.000    2090.0
24.020    2073.6
24.040    1994.9
24.060    2021.5
24.080    2032.9
24.100    1982.2
24.120    1972.6
24.140    1979.7
24.160    2002.0
24.180    1998.9
24.200    1949.4
24.220    1984.8
24.240    1901.0
24.260    2019.7
24.280    1934.4
24.300    1983.0
24.320    1918.7
24.340    1912.8
24.360    1929.5
24.380    1917.3
24.400    1851.3
24.420    1873.5
24.440    1877.3
24.460    1861.7
24.480    1853.6
24.500    1841.0
24.520    1835.0
24.540    1854.0
24.560    1826.8
24.580    1813.4
24.600    1787.9
24.620    1840.8
24.640    1787.2
24.660    1834.4
24.680    1770.9
24.700    1740.1
24.720    1754.2
24.740    1743.1
24.760    1735.0
24.780    1732.7
24.800    1722.6
24.820    1754.4
24.840    1682.6
24.860    1670.0
24.880    1661.9
24.900    1720.6
24.920    1668.3
24.940    1671.3
24.960    1699.1
24.980    1652.5
25.000    1599.6
25.020    1644.4
25.040    1655.7
25.060    1679.3
25.080    1651.6
25.100    1601.1
25.120    1593.9
25.140    1584.6
25.160    1559.9
25.180    1607.1
25.200    1547.9
25.220    1534.7
25.240    1500.1
25.260    1480.7
25.280    1512.0
25.300    1529.3
25.320    1474.6
25.340    1480.0
25.360    1447.2
25.380    1445.6
25.400    1443.6
25.420    1490.0
25.440    1520.9
25.460    1481.2
25.480    1445.0
25.500    1411.2
25.520    1455.3
25.540    1384.5
25.560    1363.2
25.580    1432.7
25.600    1348.5
25.620    1412.1
25.640    1371.3
25.660    1392.0
25.680    1306.7
25.700    1365.2
25.720    1355.8
25.740    1353.0
25.760    1284.1
25.780    1305.0
25.800    1260.7
25.820    1345.5
25.840    1290.4
25.860    1279.9
25.880    1306.8
25.900    1256.5
25.920    1266.6
25.940    1243.9
25.960    1268.3
25.980    1172.3
26.000    1266.8
26.020    1229.6
26.040    1187.9
26.060    1247.5
26.080    1271.1
26.100    1175.6
26.120    1192.9
26.140    1186.3
26.160    1196.8
26.180    1125.2
26.200    1161.9
26.220    1133.4
26.240    1158.7
26.260    1114.4
26.280    1120.8
26.300    1110.9
26.320    1104.7
26.340    1116.1
26.360    1111.3
26.380    1061.1
26.400    1077.0
26.420    1083.2
26.440    1104.0
26.460    1117.7
26.480    1062.1
26.500    1075.7
26.520    1101.0
26.540    1074.5
26.560    1037.3
26.580    1032.3
26.600    1004.9
26.620    1080.5
26.640    1036.7
26.660    1007.5
26.680    1004.5
26.700    1044.9
26.720    1028.5
26.740    1022.9
26.760    1016.0
26.780    965.4
26.800    958.2
26.820    980.4
26.840    950.6
26.860    966.3
26.880    943.0
26.900    941.6
26.920    971.5
26.940    916.0
26.960    914.1
26.980    973.7
27.000    880.9
27.020    925.0
27.040    910.5
27.060    892.4
27.080    949.8
27.100    875.4
27.120    824.8
27.140    918.2
27.160    939.5
27.180    827.0
27.200    879.8
27.220    866.8
27.240    866.6
27.260    879.7
27.280    859.5
27.300    858.0
27.320    791.1
27.340    796.9
27.360    855.3
27.380    833.7
27.400    837.3
27.420    843.3
27.440    767.5
27.460    759.9
27.480    781.3
27.500    820.8
27.520    802.3
27.540    758.0
27.560    780.8
27.580    784.3
27.600    771.3
27.620    774.7
27.640    812.5
27.660    767.9
27.680    770.8
27.700    744.0
27.720    810.8
27.740    769.2
27.760    747.8
27.780    749.9
27.800    771.7
27.820    717.4
27.840    771.3
27.860    694.5
27.880    690.5
27.900    701.8
27.920    675.9
27.940    732.2
27.960    709.0
27.980    722.2
28.000    752.4
28.020    676.7
28.040    726.9
28.060    687.6
28.080    723.8
28.100    727.1
28.120    684.8
28.140    710.8
28.160    678.2
28.180    728.9
28.200    658.4
28.220    683.6
28.240    630.2
28.260    649.3
28.280    683.9
28.300    685.0
28.320    679.5
28.340    744.5
28.360    683.3
28.380    622.6
28.400    656.1
28.420    675.5
28.440    625.9
28.460    611.5
28.480    685.7
28.500    648.0
28.520    583.2
28.540    633.2
28.560    646.8
28.580    646.9
28.600    642.7
28.620    639.7
28.640    611.1
28.660    617.2
28.680    636.1
28.700    613.6
28.720    653.2
28.740    590.9
28.760    619.1
28.780    627.2
28.800    622.5
28.820    616.5
28.840    597.6
28.860    591.5
28.880    563.4
28.900    587.9
28.920    615.4
28.940    646.6
28.960    565.5
28.980    551.5
29.000    663.1
29.020    556.4
29.040    636.2
29.060    618.3
29.080    618.2
29.100    575.9
29.120    590.3
29.140    595.1
29.160    555.0
29.180    623.5
29.200    518.6
29.220    563.6
29.240    546.6
29.260    570.2
29.280    596.2
29.300    548.0
29.320    586.7
29.340    522.5
29.360    617.2
29.380    557.0
29.400    596.0
29.420    567.1
29.440    563.6
29.460    575.7
29.480    564.7
29.500    583.2
29.520    615.1
29.540    516.7
29.560    507.9
29.580    585.3
29.600    503.2
29.620    601.3
29.640    586.0
29.660    588.7
29.680    585.8
29.700    544.7
29.720    555.8
29.740    540.3
29.760    583.9
29.780    632.6
29.800    561.5
29.820    538.5
29.840    557.0
29.860    480.4
29.880    542.6
29.900    576.8
29.920    548.0
29.940    553.4
29.960    572.1
29.980    566.7
30.000    555.6
30.020    540.1
30.040    575.9
30.060    516.1
30.080    531.5
30.100    557.5
30.120    556.2
30.140    570.8
30.160    498.7
30.180    506.0
30.200    542.2
30.220    493.2
30.240    557.3
30.260    547.7
30.280    553.0
30.300    508.9
30.320    531.8
30.340    517.1
30.360    484.7
30.380    505.9
30.400    552.2
30.420    523.1
30.440    508.8
30.460    521.9
30.480    566.7
30.500    515.0
30.520    526.5
30.540    538.8
30.560    467.5
30.580    501.0
30.600    506.7
30.620    536.5
30.640    512.8
30.660    515.7
30.680    482.9
30.700    481.0
30.720    555.9
30.740    522.4
30.760    556.9
30.780    489.9
30.800    520.9
30.820    539.9
30.840    505.9
30.860    514.7
30.880    471.2
30.900    451.7
30.920    482.3
30.940    462.9
30.960    470.2
30.980    513.1
31.000    502.6
31.020    539.3
31.040    547.1
31.060    536.0
31.080    521.1
31.100    503.2
31.120    531.2
31.140    470.7
31.160    484.8
31.180    540.5
31.200    502.8
31.220    535.7
31.240    522.7
31.260    516.7
31.280    533.1
31.300    509.6
31.320    487.1
31.340    498.5
31.360    529.7
31.380    475.9
31.400    550.9
31.420    507.5
31.440    518.6
31.460    532.1
31.480    540.4
31.500    479.5
31.520    510.7
31.540    477.5
31.560    513.2
31.580    518.5
31.600    514.5
31.620    504.5
31.640    493.7
31.660    502.0
31.680    444.8
31.700    506.1
31.720    510.4
31.740    524.3
31.760    530.2
31.780    503.9
31.800    511.1
31.820    508.7
31.840    525.6
31.860    502.8
31.880    551.8
31.900    542.2
31.920    478.5
31.940    485.7
31.960    476.3
31.980    498.1
32.000    488.0
32.020    510.4
32.040    510.1
32.060    497.6
32.080    481.7
32.100    484.9
32.120    540.5
32.140    496.7
32.160    516.0
32.180    492.9
32.200    549.1
32.220    490.0
32.240    480.9
32.260    483.1
32.280    511.2
32.300    471.4
32.320    440.8
32.340    537.0
32.360    554.4
32.380    552.5
32.400    488.4
32.420    524.6
32.440    523.3
32.460    532.4
32.480    500.5
32.500    495.1
32.520    514.9
32.540    489.7
32.560    471.9
32.580    520.4
32.600    567.8
32.620    489.9
32.640    500.0
32.660    450.8
32.680    543.3
32.700    532.1
32.720    476.9
32.740    497.0
32.760    449.9
32.780    522.0
32.800    497.2
32.820    531.9
32.840    513.8
32.860    521.2
32.880    487.1
32.900    496.4
32.920    552.6
32.940    469.2
32.960    459.8
32.980    545.9
33.000    499.2
33.020    522.7
33.040    510.7
33.060    513.8
33.080    462.4
33.100    482.9
33.120    492.0
33.140    485.2
33.160    505.0
33.180    499.2
33.200    446.2
33.220    533.1
33.240    451.7
33.260    520.5
33.280    491.4
33.300    514.9
33.320    538.3
33.340    475.6
33.360    496.6
33.380    498.5
33.400    453.0
33.420    452.0
33.440    505.0
33.460    514.9
33.480    487.9
33.500    429.9
33.520    503.1
33.540    533.2
33.560    491.6
33.580    487.9
33.600    486.8
33.620    492.1
33.640    441.4
33.660    475.1
33.680    475.1
33.700    469.2
33.720    482.5
33.740    528.5
33.760    504.8
33.780    500.8
33.800    465.8
33.820    508.0
33.840    498.3
33.860    484.9
33.880    509.8
33.900    495.7
33.920    512.2
33.940    447.3
33.960    479.0
33.980    517.9
34.000    543.9
34.020    502.1
34.040    491.0
34.060    490.2
34.080    503.3
34.100    547.2
34.120    498.5
34.140    466.2
34.160    470.0
34.180    487.8
34.200    528.0
34.220    478.4
34.240    454.6
34.260    506.1
34.280    478.2
34.300    465.0
34.320    541.2
34.340    521.0
34.360    573.5
34.380    551.6
34.400    523.8
34.420    490.6
34.440    510.7
34.460    472.4
34.480    515.4
34.500    519.4
34.520    485.7
34.540    486.9
34.560    465.1
34.580    497.6
34.600    497.6
34.620    562.1
34.640    488.4
34.660    566.8
34.680    482.1
34.700    488.5
34.720    485.0
34.740    506.8
34.760    456.0
34.780    534.8
34.800    531.2
34.820    488.2
34.840    499.4
34.860    543.0
34.880    503.6
34.900    526.0
34.920    503.7
34.940    511.9
34.960    483.2
34.980    503.3
35.000    528.4
35.020    515.8
35.040    464.3
35.060    540.4
35.080    488.9
35.100    458.9
35.120    507.1
35.140    512.5
35.160    556.6
35.180    528.6
35.200    500.9
35.220    491.1
35.240    506.2
35.260    506.0
35.280    506.4
35.300    507.8
35.320    502.9
35.340    522.5
35.360    480.4
35.380    484.3
35.400    507.8
35.420    532.5
35.440    490.0
35.460    494.4
35.480    491.8
35.500    522.7
35.520    525.8
35.540    520.6
35.560    445.0
35.580    485.6
35.600    517.1
35.620    505.5
35.640    480.4
35.660    543.0
35.680    462.1
35.700    530.5
35.720    485.8
35.740    542.6
35.760    506.6
35.780    527.6
35.800    472.4
35.820    477.6
35.840    503.4
35.860    545.7
35.880    493.3
35.900    510.0
35.920    500.6
35.940    484.6
35.960    511.8
35.980    543.0
36.000    480.5
36.020    517.4
36.040    482.1
36.060    472.9
36.080    503.3
36.100    510.9
36.120    524.7
36.140    481.6
36.160    523.8
36.180    538.0
36.200    494.8
36.220    500.9
36.240    451.7
36.260    492.6
36.280    504.0
36.300    502.2
36.320    471.5
36.340    513.8
36.360    501.4
36.380    467.9
36.400    468.7
36.420    481.3
36.440    480.3
36.460    516.8
36.480    501.3
36.500    519.5
36.520    463.4
36.540    526.1
36.560    450.6
36.580    498.6
36.600    493.0
36.620    513.9
36.640    478.9
36.660    476.3
36.680    510.8
36.700    486.7
36.720    515.1
36.740    477.5
36.760    503.9
36.780    476.9
36.800    478.5
36.820    583.8
36.840    512.3
36.860    494.5
36.880    515.5
36.900    486.0
36.920    512.9
36.940    518.1
36.960    468.8
36.980    491.6
37.000    491.0
37.020    470.2
37.040    471.0
37.060    461.3
37.080    524.8
37.100    455.8
37.120    540.0
37.140    551.1
37.160    513.6
37.180    538.4
37.200    482.9
37.220    456.7
37.240    501.6
37.260    522.5
37.280    444.0
37.300    492.0
37.320    472.4
37.340    559.4
37.360    470.7
37.380    516.7
37.400    517.1
37.420    560.2
37.440    517.7
37.460    492.2
37.480    554.2
37.500    503.2
37.520    484.9
37.540    436.6
37.560    552.0
37.580    522.0
37.600    475.6
37.620    514.6
37.640    522.0
37.660    496.6
37.680    574.9
37.700    498.7
37.720    493.2
37.740    473.8
37.760    507.3
37.780    517.1
37.800    464.5
37.820    481.7
37.840    455.6
37.860    540.0
37.880    533.9
37.900    476.1
37.920    473.9
37.940    526.1
37.960    492.3
37.980    511.3
38.000    567.9
38.020    503.6
38.040    502.6
38.060    475.6
38.080    503.7
38.100    474.5
38.120    523.4
38.140    483.9
38.160    534.1
38.180    541.3
38.200    524.8
38.220    568.9
38.240    466.6
38.260    504.1
38.280    463.4
38.300    497.1
38.320    468.5
38.340    486.1
38.360    470.0
38.380    470.2
38.400    548.3
38.420    495.4
38.440    488.6
38.460    529.0
38.480    521.4
38.500    505.5
38.520    515.1
38.540    545.8
38.560    525.7
38.580    497.4
38.600    514.4
38.620    495.8
38.640    530.1
38.660    490.8
38.680    495.3
38.700    541.1
38.720    469.5
38.740    496.9
38.760    477.5
38.780    555.9
38.800    508.8
38.820    489.6
38.840    487.0
38.860    467.7
38.880    494.4
38.900    478.2
38.920    512.5
38.940    491.2
38.960    495.2
38.980    531.0
39.000    477.7
39.020    545.3
39.040    518.8
39.060    500.4
39.080    514.8
39.100    499.0
39.120    492.3
39.140    508.0
39.160    541.0
39.180    516.1
39.200    539.3
39.220    499.3
39.240    480.7
39.260    501.9
39.280    539.8
39.300    485.8
39.320    486.0
39.340    534.2
39.360    540.3
39.380    509.7
39.400    498.3
39.420    539.5
39.440    557.7
39.460    531.3
39.480    486.4
39.500    475.2
39.520    492.2
39.540    494.8
39.560    487.9
39.580    510.0
39.600    475.1
39.620    489.5
39.640    488.7
39.660    506.9
39.680    479.7
39.700    451.6
39.720    475.6
39.740    533.8
39.760    471.1
39.780    496.3
39.800    567.7
39.820    550.3
39.840    579.7
39.860    460.5
39.880    533.0
39.900    526.1
39.920    516.6
39.940    472.0
39.960    522.2
39.980    468.7
40.000    556.6
40.020    460.9
40.040    484.3
40.060    497.2
40.080    506.9
40.100    531.2
40.120    453.6
40.140    492.2
40.160    520.3
40.180    469.5
40.200    494.4
40.220    469.5
40.240    514.3
40.260    494.6
40.280    471.9
40.300    482.3
40.320    474.0
40.340    528.9
40.360    505.5
40.380    470.0
40.400    470.7
40.420    505.0
40.440    503.4
40.460    497.7
40.480    492.4
40.500    468.5
40.520    551.6
40.540    529.1
40.560    474.0
40.580    459.3
40.600    496.9
40.620    499.2
40.640    495.1
40.660    513.6
40.680    509.3
40.700    511.3
40.720    459.8
40.740    441.5
40.760    501.6
40.780    521.5
40.800    481.2
40.820    512.2
40.840    453.1
40.860    517.2
40.880    495.8
40.900    466.5
40.920    448.6
40.940    528.4
40.960    519.2
40.980    476.4
41.000    528.7
41.020    467.7
41.040    516.2
41.060    446.4
41.080    474.5
41.100    474.2
41.120    511.9
41.140    494.7
41.160    487.9
41.180    499.8
41.200    537.8
41.220    515.8
41.240    542.2
41.260    566.3
41.280    514.8
41.300    490.2
41.320    485.2
41.340    505.1
41.360    483.3
41.380    493.6
41.400    473.1
41.420    501.7
41.440    505.2
41.460    505.4
41.480    528.0
41.500    519.9
41.520    484.3
41.540    486.0
41.560    514.0
41.580    553.2
41.600    537.6
41.620    494.5
41.640    484.3
41.660    548.2
41.680    584.9
41.700    505.1
41.720    453.6
41.740    459.9
41.760    516.4
41.780    515.9
41.800    478.4
41.820    502.0
41.840    482.4
41.860    500.6
41.880    512.3
41.900    561.0
41.920    539.9
41.940    518.2
41.960    563.4
41.980    514.3
42.000    497.8
42.020    541.4
42.040    519.4
42.060    536.0
42.080    487.2
42.100    488.2
42.120    500.1
42.140    474.8
42.160    460.0
42.180    529.9
42.200    459.1
42.220    514.2
42.240    524.1
42.260    512.0
42.280    529.7
42.300    449.4
42.320    492.7
42.340    478.1
42.360    520.7
42.380    673.8
42.400    1133.4
42.420    2667.6
42.440    6431.0
42.460    13403.0
42.480    22936.5
42.500    31783.2
42.520    35517.7
42.540    31905.1
42.560    22986.3
42.580    13406.2
42.600    6379.1
42.620    2607.4
42.640    1154.6
42.660    669.2
42.680    533.9
42.700    475.2
42.720    548.3
42.740    525.5
42.760    459.0
42.780    486.3
42.800    473.8
42.820    469.5
42.840    455.5
42.860    526.7
42.880    518.9
42.900    473.5
42.920    521.4
42.940    456.1
42.960    502.8
42.980    497.9
43.000    523.6
43.020    512.1
43.040    464.8
43.060    508.2
43.080    519.5
43.100    503.9
43.120    506.6
43.140    469.0
43.160    490.1
43.180    507.8
43.200    454.0
43.220    503.1
43.240    554.4
43.260    492.8
43.280    494.2
43.300    492.3
43.320    467.7
43.340    547.6
43.360    527.1
43.380    432.3
43.400    497.3
43.420    539.2
43.440    455.9
43.460    535.1
43.480    539.7
43.500    511.4
43.520    468.0
43.540    545.1
43.560    508.1
43.580    420.1
43.600    462.4
43.620    491.4
43.640    543.6
43.660    450.5
43.680    465.5
43.700    464.3
43.720    530.9
43.740    453.8
43.760    493.3
43.780    496.5
43.800    552.5
43.820    501.1
43.840    454.5
43.860    504.7
43.880    505.4
43.900    512.6
43.920    489.8
43.940    525.8
43.960    515.9
43.980    484.5
44.000    495.5
44.020    519.9
44.040    433.7
44.060    479.8
44.080    455.8
44.100    523.0
44.120    507.2
44.140    469.4
44.160    490.9
44.180    480.2
44.200    465.3
44.220    536.6
44.240    418.3
44.260    499.0
44.280    476.8
44.300    535.1
44.320    536.7
44.340    486.0
44.360    502.4
44.380    458.9
44.400    505.4
44.420    512.2
44.440    457.3
44.460    511.9
44.480    525.0
44.500    518.5
44.520    499.8
44.540    492.2
44.560    520.6
44.580    452.7
44.600    554.3
44.620    587.4
44.640    505.4
44.660    460.7
44.680    506.0
44.700    490.3
44.720    487.2
44.740    505.4
44.760    479.7
44.780    491.7
44.800    524.9
44.820    508.8
44.840    464.7
44.860    451.2
44.880    516.0
44.900    517.0
44.920    467.8
44.940    470.4
44.960    505.1
44.980    509.9
45.000    512.8
45.020    568.4
45.040    549.6
45.060    697.9
45.080    942.9
45.100    1256.6
45.120    1598.8
45.140    2016.2
45.160    2394.1
45.180    2518.6
45.200    2411.7
45.220    2061.2
45.240    1644.1
45.260    1244.9
45.280    930.2
45.300    703.4
45.320    640.9
45.340    561.6
45.360    509.9
45.380    467.2
45.400    489.6
45.420    498.5
45.440    471.7
45.460    518.5
45.480    511.5
45.500    454.9
45.520    477.5
45.540    474.0
45.560    504.2
45.580    513.1
45.600    468.1
45.620    498.1
45.640    466.1
45.660    491.3
45.680    446.5
45.700    475.8
45.720    481.5
45.740    469.7
45.760    464.9
45.780    513.8
45.800    490.4
45.820    514.8
45.840    474.5
45.860    512.6
45.880    478.4
45.900    481.8
45.920    511.5
45.940    446.6
45.960    528.6
45.980    483.0
46.000    455.2
46.020    504.6
46.040    463.2
46.060    485.3
46.080    499.8
46.100    512.5
46.120    537.5
46.140    486.2
46.160    589.7
46.180    482.2
46.200    477.2
46.220    529.3
46.240    518.7
46.260    473.2
46.280    556.5
46.300    505.5
46.320    488.0
46.340    542.2
46.360    506.9
46.380    522.0
46.400    478.0
46.420    505.9
46.440    518.7
46.460    471.5
46.480    515.8
46.500    498.2
46.520    541.0
46.540    469.2
46.560    470.3
46.580    508.5
46.600    521.8
46.620    471.9
46.640    539.1
46.660    465.4
46.680    516.5
46.700    502.4
46.720    509.4
46.740    524.1
46.760    476.9
46.780    444.0
46.800    579.7
46.820    501.5
46.840    551.7
46.860    533.5
46.880    493.3
46.900    472.9
46.920    481.1
46.940    526.1
46.960    501.5
46.980    521.5
47.000    502.5
47.020    486.3
47.040    494.6
47.060    520.8
47.080    487.6
47.100    530.1
47.120    765.2
47.140    2509.2
47.160    11288.6
47.180    46297.4
47.200    155923.0
47.220    422982.8
47.240    920193.0
47.260    1603423.3
47.280    2237580.7
47.300    2500549.4
47.320    2237612.5
47.340    1603443.0
47.360    920156.7
47.380    423036.4
47.400    155891.6
47.420    46278.4
47.440    11305.0
47.460    2537.3
47.480    828.4
47.500    518.6
47.520    490.1
47.540    493.2
47.560    556.8
47.580    512.8
47.600    499.3
47.620    484.7
47.640    489.5
47.660    532.4
47.680    520.7
47.700    492.9
47.720    463.1
47.740    495.4
47.760    514.2
47.780    492.5
47.800    522.9
47.820    490.0
47.840    481.6
47.860    524.0
47.880    468.5
47.900    456.6
47.920    435.6
47.940    561.9
47.960    537.2
47.980    470.4
48.000    508.8
48.020    490.6
48.040    473.5
48.060    533.7
48.080    479.5
48.100    483.1
48.120    505.1
48.140    529.3
48.160    534.0
48.180    517.7
48.200    519.8
48.220    473.0
48.240    481.0
48.260    477.6
48.280    533.3
48.300    500.2
48.320    505.2
48.340    539.8
48.360    451.2
48.380    479.8
48.400    493.8
48.420    510.0
48.440    513.3
48.460    451.6
48.480    465.6
48.500    511.4
48.520    469.9
48.540    532.9
48.560    535.2
48.580    476.4
48.600    458.7
48.620    495.0
48.640    490.4
48.660    509.6
48.680    482.7
48.700    497.7
48.720    541.4
48.740    566.2
48.760    515.1
48.780    538.2
48.800    577.9
48.820    461.0
48.840    556.2
48.860    493.6
48.880    485.0
48.900    509.7
48.920    504.2
48.940    541.1
48.960    554.5
48.980    491.0
49.000    544.3
49.020    471.6
49.040    509.1
49.060    475.7
49.080    516.8
49.100    477.1
49.120    510.4
49.140    527.7
49.160    508.6
49.180    488.5
49.200    441.4
49.220    480.5
49.240    521.1
49.260    527.9
49.280    503.0
49.300    525.5
49.320    436.1
49.340    489.2
49.360    480.4
49.380    525.0
49.400    522.6
49.420    458.9
49.440    543.9
49.460    533.3
49.480    522.9
49.500    540.7
49.520    437.2
49.540    504.2
49.560    515.2
49.580    473.5
49.600    505.9
49.620    454.8
49.640    511.2
49.660    521.7
49.680    520.6
49.700    504.7
49.720    479.2
49.740    463.8
49.760    473.9
49.780    458.3
49.800    528.9
49.820    533.5
49.840    446.4
49.860    497.1
49.880    449.2
49.900    467.2
49.920    499.0
49.940    535.1
49.960    511.5
49.980    554.9
50.000    513.2
50.020    515.3
50.040    425.3
50.060    519.1
50.080    480.1
50.100    511.4
50.120    500.7
50.140    540.7
50.160    495.9
50.180    501.0
50.200    498.7
50.220    532.1
50.240    505.6
50.260    560.6
50.280    527.3
50.300    509.9
50.320    489.4
50.340    481.3
50.360    495.5
50.380    566.8
50.400    518.0
50.420    513.1
50.440    465.0
50.460    487.4
50.480    527.2
50.500    465.0
50.520    540.7
50.540    509.6
50.560    502.1
50.580    457.1
50.600    490.4
50.620    487.1
50.640    527.9
50.660    558.9
50.680    441.2
50.700    485.9
50.720    475.8
50.740    535.9
50.760    484.2
50.780    473.0
50.800    529.9
50.820    526.1
50.840    503.5
50.860    512.8
50.880    506.1
50.900    483.2
50.920    548.3
50.940    481.1
50.960    468.4
50.980    487.5
51.000    474.6
51.020    484.9
51.040    527.3
51.060    461.4
51.080    490.4
51.100    464.8
51.120    504.7
51.140    553.3
51.160    517.5
51.180    522.8
51.200    534.7
51.220    469.8
51.240    474.7
51.260    527.1
51.280    539.1
51.300    512.6
51.320    521.0
51.340    441.4
51.360    556.0
51.380    494.8
51.400    494.0
51.420    569.8
51.440    514.4
51.460    450.5
51.480    499.9
51.500    483.9
51.520    472.6
51.540    554.5
51.560    483.6
51.580    533.8
51.600    465.6
51.620    501.5
51.640    498.2
51.660    536.7
51.680    491.2
51.700    446.2
51.720    501.5
51.740    506.2
51.760    533.1
51.780    496.3
51.800    491.0
51.820    465.5
51.840    483.3
51.860    496.5
51.880    541.3
51.900    424.9
51.920    457.4
51.940    530.9
51.960    484.7
51.980    466.6
52.000    524.5
52.020    519.0
52.040    505.0
52.060    480.4
52.080    528.6
52.100    521.4
52.120    544.2
52.140    515.0
52.160    549.2
52.180    467.4
52.200    489.7
52.220    500.9
52.240    473.7
52.260    507.3
52.280    476.7
52.300    514.7
52.320    513.0
52.340    498.4
52.360    494.5
52.380    490.8
52.400    478.3
52.420    525.1
52.440    485.8
52.460    506.2
52.480    486.7
52.500    479.9
52.520    497.7
52.540    511.4
52.560    490.4
52.580    497.5
52.600    524.5
52.620    440.8
52.640    498.7
52.660    464.5
52.680    460.6
52.700    466.7
52.720    531.4
52.740    497.0
52.760    470.8
52.780    494.4
52.800    479.1
52.820    507.7
52.840    441.1
52.860    530.2
52.880    503.8
52.900    525.0
52.920    473.3
52.940    528.8
52.960    475.8
52.980    528.1
53.000    461.2
53.020    495.7
53.040    483.2
53.060    521.4
53.080    478.4
53.100    424.9
53.120    453.0
53.140    519.6
53.160    523.7
53.180    460.7
53.200    446.6
53.220    481.5
53.240    475.3
53.260    503.1
53.280    543.9
53.300    506.5
53.320    495.1
53.340    459.8
53.360    498.7
53.380    493.6
53.400    447.1
53.420    529.7
53.440    472.6
53.460    512.8
53.480    525.7
53.500    482.4
53.520    525.7
53.540    481.5
53.560    581.1
53.580    471.6
53.600    503.9
53.620    489.3
53.640    446.4
53.660    480.8
53.680    467.2
53.700    534.6
53.720    434.7
53.740    529.5
53.760    536.8
53.780    515.1
53.800    487.2
53.820    479.8
53.840    522.7
53.860    419.1
53.880    502.2
53.900    509.0
53.920    479.3
53.940    513.1
53.960    502.3
53.980    514.0
54.000    559.7
54.020    550.9
54.040    500.9
54.060    536.9
54.080    455.0
54.100    463.3
54.120    463.1
54.140    491.2
54.160    465.3
54.180    506.5
54.200    478.2
54.220    514.9
54.240    496.3
54.260    485.8
54.280    467.8
54.300    463.1
54.320    489.1
54.340    545.8
54.360    505.4
54.380    501.7
54.400    478.8
54.420    525.5
54.440    464.4
54.460    508.1
54.480    483.2
54.500    478.3
54.520    456.9
54.540    512.1
54.560    477.5
54.580    490.0
54.600    494.1
54.620    492.7
54.640    479.9
54.660    504.3
54.680    469.3
54.700    525.1
54.720    489.7
54.740    489.0
54.760    529.3
54.780    485.3
54.800    463.0
54.820    487.0
54.840    472.9
54.860    525.4
54.880    517.5
54.900    524.3
54.920    455.5
54.940    460.9
54.960    501.3
54.980    543.3
55.000    506.3
55.020    527.7
55.040    485.3
55.060    544.6
55.080    471.6
55.100    542.4
55.120    492.0
55.140    534.2
55.160    514.9
55.180    460.9
55.200    554.3
55.220    528.9
55.240    508.2
55.260    486.7
55.280    502.4
55.300    444.9
55.320    556.2
55.340    495.6
55.360    521.5
55.380    571.7
55.400    477.1
55.420    475.4
55.440    460.5
55.460    535.1
55.480    488.3
55.500    497.7
55.520    493.8
55.540    503.0
55.560    532.4
55.580    516.3
55.600    483.0
55.620    443.8
55.640    468.6
55.660    497.9
55.680    488.5
55.700    475.6
55.720    509.5
55.740    514.2
55.760    528.2
55.780    500.1
55.800    468.8
55.820    508.1
55.840    517.8
55.860    522.7
55.880    521.1
55.900    511.5
55.920    509.4
55.940    511.2
55.960    539.1
55.980    525.8
56.000    508.6
56.020    472.1
56.040    499.7
56.060    493.9
56.080    461.7
56.100    512.3
56.120    527.3
56.140    477.8
56.160    498.9
56.180    512.6
56.200    549.0
56.220    505.0
56.240    533.1
56.260    500.4
56.280    469.7
56.300    568.1
56.320    460.5
56.340    520.5
56.360    437.7
56.380    454.6
56.400    513.7
56.420    469.2
56.440    514.3
56.460    515.2
56.480    485.5
56.500    457.6
56.520    523.6
56.540    499.1
56.560    477.1
56.580    517.9
56.600    472.8
56.620    509.8
56.640    515.7
56.660    405.4
56.680    580.4
56.700    448.7
56.720    526.2
56.740    466.0
56.760    484.6
56.780    523.1
56.800    489.6
56.820    549.5
56.840    502.3
56.860    480.5
56.880    496.2
56.900    477.0
56.920    452.1
56.940    516.2
56.960    471.4
56.980    553.8
57.000    528.9
57.020    481.4
57.040    552.9
57.060    519.9
57.080    524.2
57.100    508.3
57.120    478.4
57.140    505.8
57.160    492.7
57.180    510.6
57.200    544.5
57.220    503.9
57.240    504.4
57.260    528.4
57.280    452.6
57.300    445.5
57.320    508.6
57.340    511.5
57.360    489.1
57.380    511.3
57.400    435.8
57.420    505.5
57.440    499.3
57.460    493.1
57.480    550.5
57.500    504.9
57.520    457.0
57.540    484.2
57.560    514.2
57.580    473.2
57.600    482.6
57.620    436.3
57.640    465.5
57.660    527.1
57.680    495.7
57.700    522.4
57.720    449.3
57.740    503.1
57.760    510.0
57.780    504.0
57.800    527.6
57.820    443.2
57.840    526.0
57.860    462.2
57.880    526.5
57.900    539.6
57.920    435.3
57.940    490.2
57.960    510.9
57.980    471.2
58.000    484.5
58.020    492.3
58.040    482.3
58.060    460.2
58.080    487.2
58.100    516.9
58.120    485.9
58.140    521.8
58.160    498.2
58.180    453.2
58.200    554.6
58.220    524.8
58.240    519.1
58.260    472.8
58.280    480.7
58.300    580.7
58.320    472.5
58.340    496.0
58.360    515.2
58.380    486.8
58.400    514.1
58.420    479.9
58.440    462.6
58.460    545.3
58.480    479.6
58.500    490.7
58.520    519.1
58.540    511.7
58.560    543.2
58.580    472.9
58.600    501.8
58.620    498.9
58.640    533.7
58.660    461.7
58.680    515.4
58.700    454.3
58.720    516.9
58.740    507.0
58.760    438.6
58.780    515.0
58.800    461.4
58.820    523.5
58.840    500.6
58.860    522.5
58.880    458.9
58.900    509.8
58.920    487.5
58.940    521.2
58.960    500.8
58.980    464.3
59.000    453.4
59.020    514.0
59.040    483.9
59.060    494.3
59.080    497.0
59.100    475.1
59.120    427.8
59.140    534.2
59.160    550.0
59.180    507.4
59.200    514.2
59.220    507.5
59.240    533.0
59.260    475.9
59.280    487.4
59.300    540.6
59.320    474.6
59.340    545.6
59.360    463.2
59.380    474.2
59.400    428.2
59.420    489.9
59.440    523.2
59.460    502.2
59.480    427.1
59.500    497.5
59.520    535.1
59.540    534.4
59.560    460.0
59.580    460.1
59.600    521.1
59.620    497.4
59.640    474.8
59.660    487.8
59.680    470.2
59.700    501.6
59.720    446.4
59.740    503.1
59.760    499.5
59.780    471.6
59.800    454.9
59.820    520.1
59.840    532.7
59.860    477.8
59.880    462.6
59.900    515.4
59.920    556.1
59.940    504.8
59.960    529.8
59.980    515.8
60.000    440.7
60.020    499.1
60.040    491.6
60.060    496.0
60.080    498.8
60.100    525.1
60.120    485.0
60.140    538.0
60.160    516.1
60.180    466.6
60.200    538.0
60.220    515.6
60.240    492.9
60.260    506.2
60.280    494.1
60.300    492.4
60.320    515.0
60.340    540.9
60.360    474.6
60.380    455.5
60.400    482.4
60.420    512.8
60.440    452.1
60.460    497.3
60.480    480.2
60.500    488.3
60.520    505.8
60.540    541.3
60.560    457.9
60.580    465.3
60.600    528.3
60.620    496.3
60.640    483.8
60.660    547.9
60.680    420.5
60.700    461.9
60.720    482.4
60.740    553.5
60.760    507.8
60.780    455.9
60.800    553.6
60.820    458.5
60.840    576.1
60.860    480.8
60.880    478.7
60.900    542.0
60.920    533.4
60.940    544.7
60.960    509.6
60.980    525.8
61.000    498.5
61.020    500.1
61.040    467.1
61.060    488.1
61.080    516.6
61.100    499.2
61.120    561.1
61.140    483.8
61.160    511.2
61.180    525.6
61.200    495.7
61.220    513.1
61.240    502.4
61.260    504.9
61.280    489.4
61.300    519.1
61.320    517.3
61.340    499.8
61.360    528.6
61.380    483.7
61.400    430.7
61.420    491.3
61.440    526.5
61.460    453.4
61.480    545.1
61.500    483.1
61.520    481.4
61.540    494.9
61.560    490.6
61.580    524.0
61.600    527.2
61.620    506.9
61.640    518.4
61.660    501.4
61.680    483.5
61.700    527.3
61.720    546.7
61.740    444.3
61.760    489.1
61.780    480.4
61.800    549.0
61.820    461.0
61.840    515.2
61.860    476.0
61.880    467.1
61.900    505.3
61.920    471.7
61.940    489.7
61.960    493.0
61.980    500.5
62.000    527.4
62.020    522.9
62.040    462.7
62.060    543.2
62.080    491.1
62.100    486.6
62.120    441.9
62.140    481.1
62.160    512.3
62.180    482.1
62.200    543.9
62.220    510.3
62.240    496.9
62.260    516.5
62.280    481.6
62.300    456.4
62.320    494.1
62.340    469.4
62.360    507.4
62.380    495.2
62.400    482.3
62.420    479.3
62.440    510.0
62.460    537.2
62.480    503.9
62.500    548.7
62.520    508.9
62.540    513.2
62.560    487.8
62.580    517.3
62.600    496.1
62.620    501.8
62.640    517.3
62.660    482.4
62.680    488.8
62.700    525.6
62.720    519.1
62.740    514.7
62.760    425.3
62.780    512.1
62.800    490.8
62.820    441.1
62.840    460.9
62.860    537.4
62.880    460.2
62.900    490.8
62.920    459.7
62.940    461.1
62.960    526.3
62.980    531.0
63.000    483.0
63.020    501.2
63.040    488.0
63.060    504.4
63.080    565.8
63.100    522.9
63.120    523.8
63.140    526.0
63.160    510.3
63.180    432.3
63.200    488.6
63.220    475.9
63.240    462.8
63.260    476.2
63.280    505.7
63.300    538.8
63.320    442.2
63.340    460.9
63.360    501.9
63.380    469.7
63.400    447.2
63.420    468.2
63.440    517.6
63.460    498.6
63.480    477.3
63.500    499.1
63.520    452.3
63.540    524.9
63.560    461.2
63.580    483.2
63.600    504.7
63.620    494.4
63.640    480.9
63.660    467.5
63.680    518.8
63.700    546.4
63.720    522.0
63.740    515.6
63.760    525.5
63.780    497.0
63.800    504.5
63.820    502.2
63.840    513.3
63.860    513.2
63.880    461.2
63.900    517.2
63.920    462.8
63.940    490.1
63.960    484.2
63.980    450.9
64.000    508.0
64.020    493.3
64.040    559.9
64.060    537.3
64.080    477.9
64.100    500.9
64.120    512.0
64.140    510.0
64.160    461.7
64.180    528.0
64.200    452.1
64.220    476.4
64.240    493.8
64.260    524.0
64.280    498.4
64.300    469.3
64.320    509.9
64.340    517.3
64.360    551.9
64.380    531.9
64.400    498.0
64.420    493.9
64.440    539.0
64.460    510.5
64.480    503.0
64.500    489.1
64.520    546.5
64.540    511.7
64.560    528.2
64.580    542.0
64.600    508.2
64.620    511.9
64.640    499.8
64.660    515.1
64.680    514.2
64.700    526.4
64.720    502.7
64.740    497.5
64.760    518.0
64.780    530.9
64.800    499.7
64.820    559.3
64.840    506.4
64.860    498.8
64.880    526.1
64.900    505.4
64.920    479.6
64.940    507.4
64.960    549.2
64.980    553.5
65.000    558.0
65.020    492.7
65.040    539.9
65.060    501.0
65.080    545.2
65.100    501.4
65.120    498.6
65.140    492.8
65.160    533.2
65.180    521.4
65.200    516.8
65.220    529.6
65.240    547.2
65.260    563.5
65.280    509.2
65.300    575.2
65.320    502.0
65.340    524.4
65.360    572.7
65.380    546.5
65.400    468.6
65.420    554.6
65.440    484.6
65.460    500.7
65.480    491.7
65.500    540.5
65.520    511.9
65.540    477.0
65.560    471.9
65.580    485.8
65.600    504.7
65.620    505.0
65.640    502.3
65.660    540.9
65.680    504.9
65.700    465.3
65.720    478.8
65.740    504.8
65.760    493.9
65.780    473.1
65.800    548.0
65.820    513.4
65.840    487.4
65.860    496.9
65.880    522.9
65.900    422.8
65.920    503.5
65.940    486.0
65.960    542.0
65.980    525.6
66.000    501.3
66.020    481.4
66.040    494.2
66.060    475.1
66.080    489.0
66.100    505.6
66.120    552.5
66.140    513.6
66.160    486.6
66.180    490.8
66.200    543.5
66.220    462.9
66.240    573.0
66.260    517.5
66.280    460.8
66.300    488.8
66.320    521.7
66.340    499.4
66.360    508.4
66.380    497.7
66.400    466.7
66.420    480.7
66.440    522.1
66.460    533.9
66.480    483.3
66.500    513.4
66.520    527.8
66.540    485.5
66.560    513.8
66.580    500.2
66.600    506.3
66.620    520.9
66.640    453.6
66.660    501.2
66.680    524.6
66.700    487.7
66.720    475.6
66.740    491.8
66.760    554.5
66.780    467.6
66.800    547.7
66.820    488.7
66.840    451.2
66.860    485.1
66.880    504.3
66.900    496.8
66.920    526.5
66.940    533.1
66.960    459.3
66.980    501.2
67.000    475.3
67.020    464.2
67.040    532.0
67.060    474.0
67.080    515.3
67.100    498.5
67.120    446.1
67.140    466.5
67.160    504.1
67.180    505.7
67.200    442.6
67.220    504.3
67.240    509.9
67.260    501.9
67.280    522.1
67.300    488.0
67.320    524.3
67.340    530.5
67.360    460.8
67.380    479.6
67.400    471.2
67.420    511.0
67.440    494.0
67.460    479.1
67.480    482.7
67.500    498.3
67.520    496.6
67.540    538.4
67.560    497.9
67.580    463.0
67.600    484.6
67.620    509.1
67.640    499.1
67.660    488.9
67.680    458.6
67.700    488.9
67.720    551.9
67.740    501.6
67.760    533.4
67.780    486.8
67.800    474.2
67.820    534.0
67.840    506.5
67.860    486.9
67.880    539.4
67.900    495.1
67.920    470.6
67.940    481.0
67.960    492.9
67.980    513.1
68.000    431.8
68.020    548.6
68.040    468.1
68.060    494.5
68.080    498.7
68.100    494.5
68.120    528.5
68.140    498.7
68.160    489.8
68.180    477.8
68.200    497.5
68.220    542.8
68.240    569.1
68.260    461.6
68.280    512.8
68.300    517.7
68.320    524.1
68.340    493.9
68.360    533.4
68.380    491.3
68.400    540.0
68.420    462.1
68.440    448.5
68.460    490.0
68.480    507.5
68.500    487.9
68.520    482.0
68.540    532.8
68.560    515.9
68.580    444.9
68.600    502.3
68.620    490.6
68.640    536.9
68.660    514.9
68.680    497.8
68.700    486.1
68.720    469.4
68.740    497.1
68.760    554.4
68.780    514.9
68.800    522.8
68.820    496.4
68.840    545.6
68.860    508.4
68.880    510.7
68.900    497.7
68.920    493.1
68.940    519.2
68.960    481.5
68.980    473.2
69.000    513.2
69.020    509.0
69.040    500.3
69.060    507.1
69.080    501.3
69.100    540.5
69.120    455.7
69.140    465.4
69.160    494.2
69.180    498.8
69.200    542.6
69.220    459.0
69.240    548.6
69.260    488.9
69.280    514.4
69.300    494.2
69.320    519.9
69.340    501.7
69.360    478.1
69.380    498.5
69.400    481.2
69.420    503.1
69.440    498.8
69.460    529.1
69.480    539.0
69.500    528.3
69.520    514.7
69.540    519.5
69.560    543.9
69.580    509.1
69.600    531.6
69.620    446.6
69.640    502.4
69.660    520.4
69.680    498.5
69.700    504.3
69.720    480.6
69.740    509.2
69.760    507.5
69.780    551.4
69.800    492.4
69.820    454.2
69.840    520.9
69.860    478.5
69.880    524.2
69.900    538.5
69.920    504.9
69.940    523.9
69.960    507.4
69.980    499.9
70.000    456.4
70.020    484.0
70.040    451.1
70.060    528.6
70.080    501.8
70.100    487.1
70.120    447.5
70.140    520.5
70.160    490.3
70.180    502.5
70.200    504.3
70.220    483.1
70.240    489.0
70.260    505.6
70.280    448.3
70.300    496.7
70.320    495.8
70.340    522.3
70.360    528.6
70.380    472.5
70.400    501.6
70.420    554.9
70.440    516.5
70.460    484.1
70.480    507.3
70.500    455.3
70.520    465.2
70.540    539.8
70.560    445.3
70.580    487.1
70.600    508.7
70.620    543.5
70.640    466.9
70.660    449.3
70.680    545.1
70.700    520.8
70.720    509.1
70.740    497.7
70.760    507.7
70.780    471.6
70.800    472.3
70.820    431.2
70.840    519.2
70.860    510.3
70.880    477.7
70.900    486.7
70.920    523.1
70.940    479.8
70.960    505.5
70.980    487.6
71.000    493.6
71.020    490.1
71.040    555.8
71.060    462.4
71.080    434.6
71.100    474.3
71.120    459.2
71.140    544.0
71.160    514.5
71.180    487.8
71.200    451.2
71.220    460.2
71.240    518.0
71.260    498.3
71.280    517.8
71.300    502.7
71.320    535.4
71.340    548.3
71.360    489.8
71.380    509.5
71.400    512.2
71.420    478.9
71.440    490.9
71.460    500.8
71.480    484.6
71.500    478.8
71.520    504.5
71.540    476.7
71.560    496.8
71.580    517.9
71.600    486.7
71.620    435.8
71.640    481.8
71.660    480.5
71.680    441.8
71.700    487.2
71.720    441.8
71.740    474.1
71.760    534.3
71.780    511.0
71.800    507.1
71.820    466.4
71.840    520.3
71.860    486.5
71.880    508.0
71.900    447.8
71.920    478.3
71.940    463.0
71.960    502.0
71.980    477.0
72.000    518.9
72.020    523.1
72.040    485.0
72.060    460.1
72.080    492.4
72.100    490.0
72.120    491.7
72.140    480.7
72.160    525.1
72.180    472.7
72.200    480.3
72.220    484.5
72.240    524.9
72.260    502.9
72.280    482.4
72.300    441.5
72.320    541.6
72.340    520.2
72.360    522.8
72.380    465.0
72.400    502.8
72.420    462.0
72.440    464.3
72.460    486.6
72.480    461.6
72.500    508.5
72.520    521.3
72.540    480.3
72.560    503.3
72.580    547.0
72.600    464.3
72.620    490.3
72.640    534.6
72.660    493.5
72.680    490.6
72.700    486.3
72.720    529.3
72.740    510.3
72.760    443.9
72.780    512.3
72.800    442.5
72.820    508.7
72.840    514.7
72.860    467.3
72.880    517.2
72.900    505.2
72.920    515.9
72.940    499.6
72.960    517.2
72.980    516.0
73.000    533.4
73.020    531.6
73.040    506.5
73.060    519.3
73.080    511.2
73.100    472.7
73.120    501.0
73.140    520.4
73.160    504.7
73.180    468.9
73.200    527.2
73.220    491.1
73.240    524.8
73.260    517.7
73.280    487.0
73.300    478.3
73.320    489.9
73.340    526.0
73.360    495.7
73.380    466.9
73.400    482.2
73.420    484.6
73.440    490.3
73.460    487.1
73.480    487.7
73.500    508.7
73.520    513.9
73.540    482.4
73.560    478.7
73.580    495.3
73.600    509.3
73.620    459.6
73.640    518.7
73.660    482.3
73.680    491.2
73.700    532.7
73.720    491.8
73.740    568.4
73.760    526.0
73.780    503.4
73.800    541.6
73.820    493.7
73.840    486.5
73.860    460.0
73.880    487.7
73.900    483.8
73.920    474.1
73.940    457.0
73.960    460.9
73.980    513.5
74.000    511.9
74.020    548.8
74.040    533.1
74.060    516.1
74.080    534.8
74.100    551.0
74.120    434.1
74.140    437.1
74.160    493.2
74.180    559.0
74.200    475.8
74.220    473.6
74.240    515.6
74.260    478.5
74.280    482.5
74.300    492.0
74.320    511.8
74.340    473.5
74.360    564.8
74.380    504.6
74.400    508.3
74.420    522.4
74.440    475.3
74.460    505.2
74.480    475.9
74.500    510.5
74.520    530.1
74.540    523.7
74.560    483.0
74.580    494.5
74.600    552.8
74.620    526.8
74.640    510.3
74.660    511.6
74.680    436.4
74.700    522.8
74.720    514.9
74.740    511.3
74.760    507.1
74.780    487.8
74.800    510.2
74.820    558.4
74.840    456.6
74.860    513.1
74.880    535.0
74.900    490.0
74.920    506.6
74.940    447.3
74.960    491.3
74.980    546.5
75.000    459.4
75.020    445.7
75.040    485.7
75.060    504.3
75.080    499.9
75.100    536.7
75.120    451.5
75.140    445.0
75.160    527.9
75.180    492.1
75.200    527.2
75.220    481.8
75.240    524.8
75.260    484.1
75.280    498.3
75.300    487.5
75.320    545.3
75.340    477.9
75.360    496.9
75.380    512.3
75.400    491.2
75.420    481.6
75.440    525.5
75.460    447.0
75.480    456.6
75.500    446.3
75.520    476.6
75.540    502.5
75.560    505.2
75.580    522.0
75.600    511.2
75.620    486.5
75.640    491.5
75.660    519.2
75.680    566.8
75.700    537.7
75.720    429.0
75.740    528.9
75.760    567.4
75.780    490.9
75.800    497.0
75.820    486.2
75.840    488.5
75.860    541.9
75.880    551.8
75.900    468.0
75.920    462.3
75.940    502.3
75.960    509.8
75.980    453.7
76.000    488.3
76.020    492.8
76.040    500.9
76.060    520.2
76.080    487.4
76.100    536.1
76.120    531.7
76.140    513.2
76.160    497.2
76.180    534.9
76.200    501.6
76.220    513.9
76.240    536.9
76.260    511.6
76.280    525.0
76.300    466.2
76.320    519.4
76.340    469.7
76.360    469.0
76.380    509.2
76.400    457.5
76.420    505.3
76.440    514.4
76.460    467.3
76.480    533.0
76.500    525.5
76.520    523.2
76.540    504.0
76.560    495.2
76.580    462.4
76.600    514.8
76.620    455.4
76.640    504.9
76.660    481.3
76.680    490.8
76.700    557.7
76.720    523.6
76.740    524.5
76.760    522.5
76.780    470.8
76.800    518.5
76.820    508.3
76.840    506.4
76.860    494.8
76.880    514.7
76.900    529.2
76.920    491.8
76.940    536.9
76.960    483.3
76.980    519.5
77.000    505.4
77.020    550.9
77.040    475.9
77.060    485.8
77.080    458.5
77.100    506.1
77.120    497.9
77.140    467.6
77.160    472.2
77.180    462.2
77.200    462.9
77.220    484.8
77.240    543.7
77.260    494.3
77.280    488.6
77.300    475.8
77.320    499.8
77.340    457.4
77.360    498.5
77.380    468.0
77.400    490.2
77.420    509.9
77.440    489.9
77.460    488.6
77.480    521.3
77.500    494.4
77.520    459.8
77.540    529.8
77.560    549.3
77.580    487.4
77.600    449.0
77.620    530.9
77.640    548.2
77.660    524.1
77.680    504.2
77.700    508.2
77.720    500.8
77.740    555.9
77.760    503.9
77.780    473.7
77.800    489.0
77.820    501.0
77.840    470.9
77.860    469.3
77.880    477.9
77.900    481.1
77.920    497.0
77.940    502.2
77.960    585.9
77.980    497.4
78.000    484.8
78.020    500.1
78.040    513.0
78.060    502.7
78.080    490.8
78.100    546.2
78.120    461.1
78.140    573.8
78.160    471.5
78.180    529.3
78.200    553.9
78.220    505.9
78.240    442.0
78.260    471.4
78.280    561.1
78.300    503.4
78.320    506.8
78.340    508.0
78.360    479.1
78.380    508.3
78.400    538.2
78.420    519.7
78.440    466.6
78.460    513.8
78.480    435.2
78.500    490.5
78.520    509.9
78.540    511.8
78.560    526.1
78.580    501.1
78.600    511.9
78.620    514.4
78.640    533.5
78.660    463.1
78.680    572.1
78.700    456.0
78.720    505.1
78.740    470.9
78.760    534.6
78.780    503.7
78.800    521.2
78.820    528.6
78.840    551.9
78.860    574.1
78.880    496.7
78.900    481.1
78.920    539.2
78.940    486.9
78.960    485.5
78.980    572.2
79.000    519.4
79.020    475.4
79.040    489.9
79.060    470.7
79.080    510.6
79.100    461.4
79.120    491.9
79.140    496.2
79.160    535.6
79.180    466.5
79.200    537.4
79.220    559.5
79.240    493.9
79.260    530.2
79.280    535.4
79.300    531.4
79.320    490.4
79.340    473.4
79.360    495.4
79.380    498.7
79.400    488.6
79.420    542.3
79.440    509.3
79.460    537.5
79.480    522.9
79.500    527.0
79.520    467.8
79.540    494.5
79.560    561.5
79.580    531.7
79.600    485.6
79.620    491.6
79.640    495.8
79.660    444.0
79.680    439.0
79.700    529.8
79.720    495.2
79.740    550.2
79.760    557.8
79.780    542.9
79.800    465.8
79.820    515.6
79.840    490.7
79.860    523.4
79.880    511.1
79.900    479.7
79.920    519.6
79.940    535.1
79.960    526.4
79.980    477.4
80.000    568.5
