# SYNTHETIC DATA – not measured – generated by make_demo_data.py
# Sample: Witness Film
# Date: 2025-06-20
# 2Theta (deg)    Intensity (counts)
20.000    2022.9
20.020    2074.1
20.040    2096.5
20.060    2097.1
20.080    2059.6
20.100    2128.2
20.120    2124.6
20.140    2132.3
20.160    2140.9
20.180    2159.1
20.200    2200.7
20.220    2122.4
20.240    2149.4
20.260    2207.8
20.280    2122.2
20.300    2179.3
20.320    2155.9
20.340    2183.0
20.360    2204.8
20.380    2139.5
20.400    2174.5
20.420    2168.9
20.440    2210.9
20.460    2203.8
20.480    2276.5
20.500    2219.5
20.520    2295.5
20.540    2238.3
20.560    2265.0
20.580    2264.4
20.600    2269.8
20.620    2241.8
20.640    2291.7
20.660    2299.2
20.680    2300.8
20.700    2318.2
20.720    2280.8
20.740    2302.2
20.760    2296.9
20.780    2271.2
20.800    2338.9
20.820    2314.2
20.840    2336.3
20.860    2411.5
20.880    2356.1
20.900    2357.6
20.920    2391.6
20.940    2401.8
20.960    2423.7
20.980    2358.4
21.000    2432.7
21.020    2379.5
21.040    2353.3
21.060    2364.7
21.080    2430.2
21.100    2424.1
21.120    2444.0
21.140    2382.0
21.160    2403.5
21.180    2381.8
21.200    2362.3
21.220    2424.8
21.240    2476.6
21.260    2466.1
21.280    2412.9
21.300    2474.7
21.320    2425.7
21.340    2455.6
21.360    2474.3
21.380    2440.3
21.400    2429.0
21.420    2477.9
21.440    2455.9
21.460    2447.3
21.480    2485.5
21.500    2462.5
21.520    2482.9
21.540    2444.8
21.560    2497.7
21.580    2449.7
21.600    2468.5
21.620    2425.9
21.640    2518.6
21.660    2488.4
21.680    2501.1
21.700    2437.7
21.720    2494.8
21.740    2479.7
21.760    2528.7
21.780    2446.8
21.800    2505.6
21.820    2527.6
21.840    2461.0
21.860    2500.8
21.880    2465.7
21.900    2500.0
21.920    2509.2
21.940    2539.1
21.960    2504.8
21.980    2479.3
22.000    2517.3
22.020    2500.0
22.040    2532.2
22.060    2481.4
22.080    2539.3
22.100    2503.8
22.120    2505.5
22.140    2527.7
22.160    2480.9
22.180    2480.6
22.200    2510.2
22.220    2491.4
22.240    2494.2
22.260    2479.4
22.280    2481.0
22.300    2514.7
22.320    2546.1
22.340    2444.2
22.360    2529.3
22.380    2504.2
22.400    2516.3
22.420    2483.4
22.440    2453.9
22.460    2467.7
22.480    2443.6
22.500    2418.8
22.520    2464.1
22.540    2471.7
22.560    2452.7
22.580    2464.1
22.600    2409.1
22.620    2484.2
22.640    2444.7
22.660    2447.5
22.680    2464.5
22.700    2422.7
22.720    2514.1
22.740    2470.2
22.760    2466.0
22.780    2429.9
22.800    2400.2
22.820    2432.7
22.840    2391.9
22.860    2416.7
22.880    2412.6
22.900    2438.3
22.920    2410.2
22.940    2397.0
22.960    2429.7
22.980    2380.0
23.000    2362.9
23.020    2358.8
23.040    2413.0
23.060    2365.3
23.080    2342.2
23.100    2295.6
23.120    2317.9
23.140    2353.4
23.160    2356.3
23.180    2383.2
23.200    2307.0
23.220    2337.3
23.240    2355.6
23.260    2242.5
23.280    2374.7
23.300    2265.5
23.320    2259.5
23.340    2315.7
23.360    2294.1
23.380    2312.0
23.400    2288.9
23.420    2272.3
23.440    2253.1
23.460    2227.3
23.480    2261.8
23.500    2180.0
23.520    2225.6
23.540    2247.9
23.560    2183.3
23.580    2236.3
23.600    2233.7
23.620    2199.8
23.640    2186.0
23.660    2200.2
23.680    2195.9
23.700    2162.0
23.720    2224.2
23.740    2200.9
23.760    2178.2
23.780    2182.7
23.800    2172.7
23.820    2084.6
23.840    2195.0
23.860    2067.8
23.880    2110.0
23.900    2062.8
23.920    2107.5
23.940    2094.1
23.960    2080.5
23.980    1979.2
24.000    2081.8
24.020    2057.5
24.040    1980.3
24.060    2079.5
24.080    2021.6
24.100    1995.5
24.120    2023.3
24.140    1986.1
24.160    2006.0
24.180    1975.2
24.200    1951.0
24.220    1935.5
24.240    1985.9
24.260    1956.5
24.280    1922.5
24.300    1919.5
24.320    1902.3
24.340    1985.2
24.360    1923.6
24.380    1909.2
24.400    1941.2
24.420    1867.6
24.440    1845.7
24.460    1855.0
24.480    1866.9
24.500    1847.1
24.520    1834.4
24.540    1840.9
24.560    1814.4
24.580    1786.1
24.600    1833.0
24.620    1793.8
24.640    1784.4
24.660    1800.2
24.680    1788.7
24.700    1733.7
24.720    1736.7
24.740    1708.1
24.760    1705.3
24.780    1742.2
24.800    1709.6
24.820    1687.3
24.840    1667.1
24.860    1736.6
24.880    1677.3
24.900    1688.3
24.920    1670.3
24.940    1635.4
24.960    1668.5
24.980    1650.7
25.000    1677.7
25.020    1647.7
25.040    1583.4
25.060    1608.7
25.080    1600.6
25.100    1593.1
25.120    1549.5
25.140    1527.9
25.160    1566.0
25.180    1571.9
25.200    1517.0
25.220    1600.6
25.240    1555.9
25.260    1513.1
25.280    1581.1
25.300    1465.2
25.320    1472.3
25.340    1462.0
25.360    1521.5
25.380    1455.5
25.400    1491.8
25.420    1469.0
25.440    1435.6
25.460    1449.0
25.480    1401.3
25.500    1454.0
25.520    1390.9
25.540    1386.2
25.560    1425.1
25.580    1382.1
25.600    1444.8
25.620    1422.2
25.640    1323.0
25.660    1369.5
25.680    1352.6
25.700    1413.7
25.720    1324.7
25.740    1314.6
25.760    1319.7
25.780    1311.4
25.800    1283.0
25.820    1310.2
25.840    1278.7
25.860    1261.6
25.880    1325.4
25.900    1276.6
25.920    1232.9
25.940    1215.4
25.960    1239.6
25.980    1204.8
26.000    1195.9
26.020    1260.7
26.040    1215.8
26.060    1196.1
26.080    1211.3
26.100    1181.6
26.120    1193.7
26.140    1238.8
26.160    1176.4
26.180    1152.1
26.200    1129.1
26.220    1175.4
26.240    1144.4
26.260    1154.8
26.280    1087.3
26.300    1117.5
26.320    1125.2
26.340    1131.4
26.360    1116.7
26.380    1094.0
26.400    1134.0
26.420    1088.4
26.440    1020.3
26.460    1037.9
26.480    1068.2
26.500    1070.2
26.520    1017.1
26.540    1014.5
26.560    1055.6
26.580    1046.2
26.600    1043.4
26.620    1047.6
26.640    1022.0
26.660    990.5
26.680    1046.5
26.700    1033.6
26.720    1048.4
26.740    1005.2
26.760    990.0
26.780    987.4
26.800    984.6
26.820    914.6
26.840    959.8
26.860    948.3
26.880    964.7
26.900    957.5
26.920    933.2
26.940    924.1
26.960    891.9
26.980    935.0
27.000    907.2
27.020    905.5
27.040    943.3
27.060    937.3
27.080    891.2
27.100    946.4
27.120    912.1
27.140    886.8
27.160    853.3
27.180    848.5
27.200    898.4
27.220    806.3
27.240    911.8
27.260    876.2
27.280    840.0
27.300    894.6
27.320    848.3
27.340    798.7
27.360    811.5
27.380    794.3
27.400    786.2
27.420    876.9
27.440    816.7
27.460    803.8
27.480    829.1
27.500    818.1
27.520    775.8
27.540    762.1
27.560    728.8
27.580    811.9
27.600    772.2
27.620    803.1
27.640    772.6
27.660    726.7
27.680    745.6
27.700    805.7
27.720    738.3
27.740    768.2
27.760    678.0
27.780    722.1
27.800    771.8
27.820    681.8
27.840    768.0
27.860    717.6
27.880    710.9
27.900    769.6
27.920    707.5
27.940    753.2
27.960    705.3
27.980    725.7
28.000    742.9
28.020    741.2
28.040    698.1
28.060    633.5
28.080    752.0
28.100    679.8
28.120    732.5
28.140    666.7
28.160    675.3
28.180    688.5
28.200    681.7
28.220    739.2
28.240    624.9
28.260    658.0
28.280    680.1
28.300    682.4
28.320    667.6
28.340    669.9
28.360    692.3
28.380    642.1
28.400    639.5
28.420    650.4
28.440    672.3
28.460    605.3
28.480    703.4
28.500    633.2
28.520    622.5
28.540    628.8
28.560    603.8
28.580    606.5
28.600    622.7
28.620    644.5
28.640    650.2
28.660    614.1
28.680    614.9
28.700    635.5
28.720    562.6
28.740    612.5
28.760    647.5
28.780    663.7
28.800    605.8
28.820    568.4
28.840    589.8
28.860    643.9
28.880    665.7
28.900    597.7
28.920    555.6
28.940    603.9
28.960    621.2
28.980    623.1
29.000    605.4
29.020    666.9
29.040    591.0
29.060    675.8
29.080    555.5
29.100    630.7
29.120    618.8
29.140    608.3
29.160    558.6
29.180    576.3
29.200    543.1
29.220    579.0
29.240    584.9
29.260    592.1
29.280    536.9
29.300    550.2
29.320    505.6
29.340    571.4
29.360    536.8
29.380    598.6
29.400    549.2
29.420    579.7
29.440    551.6
29.460    561.0
29.480    554.4
29.500    523.5
29.520    584.2
29.540    530.8
29.560    594.7
29.580    480.6
29.600    538.9
29.620    577.9
29.640    577.4
29.660    492.0
29.680    555.5
29.700    554.0
29.720    555.7
29.740    535.2
29.760    521.8
29.780    550.4
29.800    560.8
29.820    572.5
29.840    539.5
29.860    516.2
29.880    562.3
29.900    497.9
29.920    517.3
29.940    518.5
29.960    536.8
29.980    541.7
30.000    595.5
30.020    554.3
30.040    563.4
30.060    521.9
30.080    500.9
30.100    521.7
30.120    516.6
30.140    594.1
30.160    575.5
30.180    556.5
30.200    527.6
30.220    490.5
30.240    519.3
30.260    509.6
30.280    505.0
30.300    540.3
30.320    579.9
30.340    588.4
30.360    520.4
30.380    528.8
30.400    535.0
30.420    504.8
30.440    564.5
30.460    540.0
30.480    526.6
30.500    540.1
30.520    509.1
30.540    515.8
30.560    560.5
30.580    551.8
30.600    526.5
30.620    478.0
30.640    595.9
30.660    534.6
30.680    549.4
30.700    491.0
30.720    537.7
30.740    537.9
30.760    529.5
30.780    555.2
30.800    466.8
30.820    555.6
30.840    507.1
30.860    503.4
30.880    517.6
30.900    530.8
30.920    523.6
30.940    505.7
30.960    534.8
30.980    602.6
31.000    536.8
31.020    504.9
31.040    552.6
31.060    542.6
31.080    491.8
31.100    552.7
31.120    473.4
31.140    529.2
31.160    570.4
31.180    477.6
31.200    499.5
31.220    488.7
31.240    553.3
31.260    491.0
31.280    509.1
31.300    523.7
31.320    540.7
31.340    532.0
31.360    481.7
31.380    449.2
31.400    538.0
31.420    510.2
31.440    527.3
31.460    489.5
31.480    507.2
31.500    548.8
31.520    462.6
31.540    500.8
31.560    459.8
31.580    546.3
31.600    511.3
31.620    477.3
31.640    456.5
31.660    508.6
31.680    510.1
31.700    500.5
31.720    545.7
31.740    475.5
31.760    528.4
31.780    550.7
31.800    487.5
31.820    531.1
31.840    550.7
31.860    463.8
31.880    485.8
31.900    466.6
31.920    519.9
31.940    560.8
31.960    461.9
31.980    504.7
32.000    584.6
32.020    485.4
32.040    523.0
32.060    521.7
32.080    488.7
32.100    531.1
32.120    514.8
32.140    500.5
32.160    495.2
32.180    542.2
32.200    507.8
32.220    480.6
32.240    487.9
32.260    512.2
32.280    516.0
32.300    460.5
32.320    529.7
32.340    466.4
32.360    448.1
32.380    492.6
32.400    512.5
32.420    531.5
32.440    467.7
32.460    491.2
32.480    533.4
32.500    500.8
32.520    536.4
32.540    521.9
32.560    457.2
32.580    477.8
32.600    528.9
32.620    429.4
32.640    527.4
32.660    497.2
32.680    475.4
32.700    570.2
32.720    475.3
32.740    482.4
32.760    492.6
32.780    492.2
32.800    518.0
32.820    514.0
32.840    429.7
32.860    536.8
32.880    534.3
32.900    529.7
32.920    516.4
32.940    455.6
32.960    524.4
32.980    487.8
33.000    469.2
33.020    502.7
33.040    521.3
33.060    471.1
33.080    469.1
33.100    519.2
33.120    532.3
33.140    484.6
33.160    507.4
33.180    501.3
33.200    541.3
33.220    509.5
33.240    446.5
33.260    475.6
33.280    538.0
33.300    541.8
33.320    540.6
33.340    494.4
33.360    474.2
33.380    522.3
33.400    497.0
33.420    493.3
33.440    480.1
33.460    511.0
33.480    473.6
33.500    488.4
33.520    559.7
33.540    498.1
33.560    537.9
33.580    507.2
33.600    513.1
33.620    506.0
33.640    567.9
33.660    511.8
33.680    508.9
33.700    505.8
33.720    485.7
33.740    536.5
33.760    476.1
33.780    454.5
33.800    508.2
33.820    514.1
33.840    464.6
33.860    508.7
33.880    500.0
33.900    451.9
33.920    436.2
33.940    510.7
33.960    500.3
33.980    525.5
34.000    459.7
34.020    535.7
34.040    503.7
34.060    513.8
34.080    558.8
34.100    499.6
34.120    495.0
34.140    487.3
34.160    456.7
34.180    497.5
34.200    456.0
34.220    467.8
34.240    445.7
34.260    523.6
34.280    496.9
34.300    536.9
34.320    483.1
34.340    488.4
34.360    478.7
34.380    471.6
34.400    552.6
34.420    415.5
34.440    538.6
34.460    535.5
34.480    486.4
34.500    504.4
34.520    547.4
34.540    500.5
34.560    438.0
34.580    479.1
34.600    539.0
34.620    470.8
34.640    537.1
34.660    487.1
34.680    522.3
34.700    484.4
34.720    479.4
34.740    490.5
34.760    435.8
34.780    517.7
34.800    434.8
34.820    498.1
34.840    466.5
34.860    510.7
34.880    538.5
34.900    500.7
34.920    490.8
34.940    508.7
34.960    514.3
34.980    526.7
35.000    485.8
35.020    535.7
35.040    469.2
35.060    495.5
35.080    567.7
35.100    506.7
35.120    522.9
35.140    513.0
35.160    509.6
35.180    559.8
35.200    502.2
35.220    453.9
35.240    494.3
35.260    506.5
35.280    483.6
35.300    482.9
35.320    538.5
35.340    517.6
35.360    548.8
35.380    508.4
35.400    467.1
35.420    493.7
35.440    491.7
35.460    490.3
35.480    523.4
35.500    447.0
35.520    495.9
35.540    548.0
35.560    466.3
35.580    522.7
35.600    501.1
35.620    450.3
35.640    472.3
35.660    541.2
35.680    479.7
35.700    502.6
35.720    497.9
35.740    466.1
35.760    535.3
35.780    528.6
35.800    513.0
35.820    495.9
35.840    475.3
35.860    471.7
35.880    528.6
35.900    437.6
35.920    530.0
35.940    510.7
35.960    514.6
35.980    500.3
36.000    470.3
36.020    474.4
36.040    495.8
36.060    513.5
36.080    537.6
36.100    508.7
36.120    516.5
36.140    476.7
36.160    526.6
36.180    515.8
36.200    555.0
36.220    530.1
36.240    501.9
36.260    467.4
36.280    548.2
36.300    473.5
36.320    510.5
36.340    531.6
36.360    525.4
36.380    468.7
36.400    471.6
36.420    535.6
36.440    521.8
36.460    593.8
36.480    477.1
36.500    451.5
36.520    465.1
36.540    474.4
36.560    488.4
36.580    509.7
36.600    509.8
36.620    492.1
36.640    477.7
36.660    509.5
36.680    485.3
36.700    528.7
36.720    490.3
36.740    482.3
36.760    536.7
36.780    536.7
36.800    549.1
36.820    472.5
36.840    530.6
36.860    542.6
36.880    507.9
36.900    473.1
36.920    496.6
36.940    519.3
36.960    504.3
36.980    504.0
37.000    530.0
37.020    558.7
37.040    547.0
37.060    473.9
37.080    451.8
37.100    550.8
37.120    543.0
37.140    498.4
37.160    451.9
37.180    544.9
37.200    485.7
37.220    476.4
37.240    494.1
37.260    503.4
37.280    452.9
37.300    462.4
37.320    499.3
37.340    501.5
37.360    454.4
37.380    569.2
37.400    534.9
37.420    516.3
37.440    519.1
37.460    437.8
37.480    502.4
37.500    516.0
37.520    503.3
37.540    510.2
37.560    517.8
37.580    546.0
37.600    532.7
37.620    484.3
37.640    532.7
37.660    486.4
37.680    506.4
37.700    510.0
37.720    499.7
37.740    494.4
37.760    508.2
37.780    510.2
37.800    426.8
37.820    497.0
37.840    476.1
37.860    545.9
37.880    505.1
37.900    477.6
37.920    514.1
37.940    504.2
37.960    516.7
37.980    438.0
38.000    489.2
38.020    470.4
38.040    543.2
38.060    522.6
38.080    492.6
38.100    496.9
38.120    496.8
38.140    484.5
38.160    471.0
38.180    460.7
38.200    533.9
38.220    469.2
38.240    512.6
38.260    524.9
38.280    516.3
38.300    497.8
38.320    517.0
38.340    481.7
38.360    469.7
38.380    526.9
38.400    518.6
38.420    533.8
38.440    499.9
38.460    441.2
38.480    485.6
38.500    479.1
38.520    530.1
38.540    474.4
38.560    527.9
38.580    507.2
38.600    508.8
38.620    508.1
38.640    518.7
38.660    467.9
38.680    536.3
38.700    451.6
38.720    478.7
38.740    478.1
38.760    522.5
38.780    475.4
38.800    552.8
38.820    471.2
38.840    579.6
38.860    520.1
38.880    526.9
38.900    511.8
38.920    527.9
38.940    479.2
38.960    459.2
38.980    527.2
39.000    520.9
39.020    495.8
39.040    493.1
39.060    496.1
39.080    506.0
39.100    528.0
39.120    490.9
39.140    510.8
39.160    537.3
39.180    495.5
39.200    519.3
39.220    483.0
39.240    503.0
39.260    493.4
39.280    536.6
39.300    490.4
39.320    466.7
39.340    508.5
39.360    485.2
39.380    541.5
39.400    513.4
39.420    488.0
39.440    467.7
39.460    501.6
39.480    494.2
39.500    496.7
39.520    503.8
39.540    602.8
39.560    477.3
39.580    507.3
39.600    526.0
39.620    537.3
39.640    497.0
39.660    509.9
39.680    493.6
39.700    562.6
39.720    482.8
39.740    509.8
39.760    478.7
39.780    523.1
39.800    480.1
39.820    548.2
39.840    484.2
39.860    497.6
39.880    498.6
39.900    510.3
39.920    482.0
39.940    447.4
39.960    444.7
39.980    493.6
40.000    533.8
40.020    534.2
40.040    515.9
40.060    532.6
40.080    503.6
40.100    500.8
40.120    522.3
40.140    550.1
40.160    554.0
40.180    528.6
40.200    479.8
40.220    508.2
40.240    462.4
40.260    575.6
40.280    555.1
40.300    612.5
40.320    632.8
40.340    612.0
40.360    667.4
40.380    683.1
40.400    685.4
40.420    796.6
40.440    853.8
40.460    930.7
40.480    1063.3
40.500    1091.4
40.520    1195.2
40.540    1408.9
40.560    1576.6
40.580    1739.8
40.600    1926.5
40.620    2157.2
40.640    2404.1
40.660    2672.2
40.680    2953.8
40.700    3315.2
40.720    3598.6
40.740    3929.9
40.760    4339.1
40.780    4698.4
40.800    5081.1
40.820    5517.1
40.840    5855.0
40.860    6243.0
40.880    6623.3
40.900    6965.5
40.920    7305.0
40.940    7602.8
40.960    7835.4
40.980    8052.5
41.000    8330.0
41.020    8402.4
41.040    8462.1
41.060    8515.7
41.080    8480.3
41.100    8400.4
41.120    8257.6
41.140    8085.0
41.160    7859.8
41.180    7662.8
41.200    7308.4
41.220    7004.9
41.240    6656.3
41.260    6216.8
41.280    5922.5
41.300    5506.1
41.320    5054.6
41.340    4762.3
41.360    4366.1
41.380    3976.6
41.400    3594.5
41.420    3250.7
41.440    2956.6
41.460    2653.5
41.480    2425.0
41.500    2165.9
41.520    1954.3
41.540    1725.7
41.560    1534.9
41.580    1373.0
41.600    1231.7
41.620    1113.7
41.640    1023.6
41.660    929.7
41.680    846.6
41.700    854.5
41.720    732.0
41.740    693.6
41.760    640.4
41.780    646.1
41.800    617.3
41.820    574.7
41.840    586.8
41.860    562.0
41.880    494.7
41.900    487.9
41.920    490.6
41.940    518.0
41.960    488.2
41.980    460.2
42.000    487.1
42.020    502.7
42.040    500.0
42.060    505.6
42.080    495.9
42.100    505.6
42.120    493.9
42.140    475.9
42.160    459.5
42.180    497.2
42.200    514.8
42.220    480.6
42.240    482.1
42.260    522.8
42.280    549.7
42.300    541.7
42.320    482.9
42.340    481.5
42.360    519.0
42.380    655.0
42.400    1149.4
42.420    2620.4
42.440    6451.7
42.460    13400.1
42.480    22926.9
42.500    31833.7
42.520    35479.5
42.540    31816.3
42.560    22983.4
42.580    13335.8
42.600    6398.4
42.620    2660.6
42.640    1130.2
42.660    658.6
42.680    524.3
42.700    556.8
42.720    472.7
42.740    521.7
42.760    487.9
42.780    510.7
42.800    494.8
42.820    489.7
42.840    481.3
42.860    490.7
42.880    468.1
42.900    480.7
42.920    431.6
42.940    489.8
42.960    472.3
42.980    490.0
43.000    473.5
43.020    530.2
43.040    493.3
43.060    494.8
43.080    535.9
43.100    468.7
43.120    503.8
43.140    459.6
43.160    474.1
43.180    476.5
43.200    552.3
43.220    478.5
43.240    521.8
43.260    516.1
43.280    542.8
43.300    493.6
43.320    461.5
43.340    465.8
43.360    544.3
43.380    520.0
43.400    545.7
43.420    548.5
43.440    511.8
43.460    500.9
43.480    519.0
43.500    463.1
43.520    491.8
43.540    500.7
43.560    524.2
43.580    450.1
43.600    446.9
43.620    536.2
43.640    518.3
43.660    488.1
43.680    485.2
43.700    500.1
43.720    452.7
43.740    475.8
43.760    530.0
43.780    530.4
43.800    549.1
43.820    514.6
43.840    536.7
43.860    457.5
43.880    458.5
43.900    412.4
43.920    456.8
43.940    443.8
43.960    519.0
43.980    521.4
44.000    457.6
44.020    450.2
44.040    528.6
44.060    538.7
44.080    462.9
44.100    507.3
44.120    542.8
44.140    508.6
44.160    546.9
44.180    502.6
44.200    506.9
44.220    488.7
44.240    435.5
44.260    483.8
44.280    469.6
44.300    531.5
44.320    457.3
44.340    495.7
44.360    501.3
44.380    517.4
44.400    502.1
44.420    562.6
44.440    515.5
44.460    507.2
44.480    506.4
44.500    529.8
44.520    453.7
44.540    477.4
44.560    501.2
44.580    476.9
44.600    504.0
44.620    444.8
44.640    557.5
44.660    509.3
44.680    503.1
44.700    469.6
44.720    524.5
44.740    528.2
44.760    485.3
44.780    498.2
44.800    457.2
44.820    507.3
44.840    502.3
44.860    531.9
44.880    515.4
44.900    536.8
44.920    496.1
44.940    506.8
44.960    496.2
44.980    504.6
45.000    493.6
45.020    533.8
45.040    576.4
45.060    743.9
45.080    931.4
45.100    1241.2
45.120    1627.9
45.140    2089.2
45.160    2382.7
45.180    2516.4
45.200    2365.1
45.220    2067.1
45.240    1619.6
45.260    1216.8
45.280    902.8
45.300    760.5
45.320    597.5
45.340    580.0
45.360    485.7
45.380    514.3
45.400    484.7
45.420    509.8
45.440    548.1
45.460    544.5
45.480    475.5
45.500    522.3
45.520    525.4
45.540    495.3
45.560    488.0
45.580    473.9
45.600    504.9
45.620    459.2
45.640    492.4
45.660    502.4
45.680    478.0
45.700    464.4
45.720    521.7
45.740    493.7
45.760    453.2
45.780    492.2
45.800    508.8
45.820    480.8
45.840    511.1
45.860    504.6
45.880    509.6
45.900    488.3
45.920    483.7
45.940    529.3
45.960    506.7
45.980    511.8
46.000    517.5
46.020    510.0
46.040    510.8
46.060    509.1
46.080    501.2
46.100    482.4
46.120    522.8
46.140    508.0
46.160    490.7
46.180    524.9
46.200    555.5
46.220    472.8
46.240    506.5
46.260    538.6
46.280    459.9
46.300    501.1
46.320    498.7
46.340    483.5
46.360    548.3
46.380    525.0
46.400    498.6
46.420    460.5
46.440    505.0
46.460    475.6
46.480    515.4
46.500    491.5
46.520    509.5
46.540    543.7
46.560    523.6
46.580    493.6
46.600    497.8
46.620    476.2
46.640    523.6
46.660    475.1
46.680    484.9
46.700    459.6
46.720    503.5
46.740    557.1
46.760    488.2
46.780    488.6
46.800    486.0
46.820    504.5
46.840    512.6
46.860    572.8
46.880    537.5
46.900    508.2
46.920    471.9
46.940    540.4
46.960    515.8
46.980    480.8
47.000    510.8
47.020    504.3
47.040    535.9
47.060    515.7
47.080    483.8
47.100    550.0
47.120    857.6
47.140    2554.0
47.160    11291.9
47.180    46275.6
47.200    156013.0
47.220    423072.7
47.240    920174.7
47.260    1603470.1
47.280    2237638.4
47.300    2500527.1
47.320    2237586.6
47.340    1603449.7
47.360    920143.0
47.380    423028.0
47.400    155937.9
47.420    46315.0
47.440    11294.2
47.460    2524.7
47.480    856.3
47.500    567.0
47.520    486.9
47.540    437.6
47.560    448.1
47.580    495.4
47.600    499.3
47.620    495.9
47.640    525.3
47.660    553.2
47.680    523.0
47.700    508.3
47.720    507.4
47.740    457.2
47.760    528.6
47.780    493.8
47.800    529.0
47.820    465.2
47.840    491.7
47.860    451.1
47.880    490.5
47.900    551.7
47.920    477.9
47.940    486.5
47.960    485.1
47.980    509.4
48.000    469.2
48.020    484.2
48.040    458.7
48.060    581.1
48.080    480.4
48.100    492.9
48.120    462.5
48.140    500.4
48.160    490.1
48.180    440.2
48.200    585.7
48.220    486.2
48.240    486.7
48.260    521.8
48.280    436.4
48.300    493.0
48.320    459.9
48.340    477.1
48.360    484.2
48.380    424.7
48.400    481.9
48.420    506.0
48.440    468.7
48.460    503.5
48.480    490.2
48.500    539.3
48.520    494.0
48.540    508.0
48.560    501.3
48.580    490.9
48.600    548.4
48.620    512.2
48.640    509.7
48.660    521.9
48.680    563.0
48.700    474.4
48.720    541.6
48.740    469.5
48.760    496.5
48.780    522.0
48.800    537.0
48.820    475.5
48.840    536.4
48.860    520.4
48.880    570.4
48.900    462.1
48.920    516.7
48.940    487.1
48.960    489.9
48.980    500.7
49.000    485.0
49.020    515.1
49.040    503.8
49.060    470.4
49.080    570.0
49.100    502.1
49.120    446.9
49.140    492.9
49.160    502.1
49.180    491.8
49.200    492.1
49.220    538.4
49.240    483.4
49.260    486.7
49.280    484.3
49.300    488.7
49.320    480.1
49.340    504.0
49.360    533.4
49.380    504.5
49.400    505.1
49.420    486.1
49.440    484.9
49.460    456.5
49.480    556.0
49.500    492.7
49.520    471.7
49.540    501.7
49.560    493.9
49.580    534.8
49.600    511.9
49.620    467.3
49.640    484.3
49.660    473.3
49.680    494.4
49.700    453.3
49.720    550.7
49.740    511.3
49.760    505.6
49.780    508.3
49.800    518.6
49.820    475.1
49.840    503.9
49.860    548.7
49.880    543.3
49.900    467.2
49.920    485.9
49.940    491.2
49.960    445.0
49.980    481.7
50.000    499.3
50.020    515.2
50.040    495.1
50.060    457.1
50.080    492.9
50.100    476.6
50.120    528.7
50.140    526.3
50.160    485.6
50.180    539.3
50.200    490.7
50.220    509.8
50.240    543.8
50.260    521.4
50.280    494.5
50.300    506.1
50.320    581.5
50.340    495.1
50.360    513.4
50.380    470.6
50.400    518.4
50.420    488.7
50.440    527.6
50.460    476.7
50.480    521.7
50.500    503.7
50.520    512.4
50.540    517.4
50.560    525.7
50.580    476.4
50.600    446.3
50.620    498.5
50.640    523.4
50.660    468.5
50.680    533.8
50.700    475.3
50.720    506.6
50.740    503.0
50.760    504.5
50.780    543.3
50.800    467.4
50.820    473.6
50.840    487.6
50.860    508.9
50.880    475.9
50.900    541.0
50.920    502.5
50.940    500.0
50.960    488.0
50.980    529.2
51.000    542.8
51.020    428.0
51.040    516.9
51.060    468.6
51.080    513.1
51.100    506.6
51.120    510.0
51.140    497.7
51.160    487.4
51.180    524.7
51.200    472.9
51.220    544.1
51.240    522.8
51.260    462.6
51.280    452.3
51.300    549.4
51.320    497.4
51.340    469.3
51.360    528.5
51.380    504.1
51.400    515.3
51.420    501.3
51.440    503.9
51.460    519.2
51.480    525.9
51.500    443.5
51.520    497.9
51.540    521.7
51.560    531.5
51.580    490.3
51.600    498.1
51.620    476.9
51.640    449.1
51.660    483.6
51.680    515.9
51.700    497.7
51.720    533.8
51.740    482.7
51.760    513.5
51.780    494.3
51.800    512.0
51.820    477.5
51.840    495.6
51.860    497.7
51.880    506.5
51.900    557.0
51.920    462.8
51.940    525.4
51.960    479.6
51.980    502.9
52.000    491.9
52.020    499.5
52.040    545.2
52.060    491.3
52.080    552.1
52.100    467.6
52.120    502.0
52.140    488.3
52.160    465.9
52.180    510.5
52.200    480.7
52.220    523.8
52.240    476.5
52.260    507.1
52.280    507.4
52.300    553.3
52.320    513.0
52.340    482.1
52.360    451.3
52.380    496.2
52.400    536.0
52.420    516.5
52.440    476.9
52.460    504.1
52.480    516.6
52.500    492.2
52.520    501.7
52.540    496.8
52.560    502.6
52.580    529.7
52.600    426.9
52.620    419.9
52.640    531.4
52.660    487.1
52.680    533.6
52.700    544.3
52.720    486.8
52.740    494.2
52.760    531.8
52.780    532.6
52.800    510.8
52.820    524.0
52.840    490.6
52.860    512.8
52.880    487.5
52.900    522.7
52.920    478.9
52.940    499.8
52.960    507.1
52.980    432.0
53.000    546.2
53.020    451.6
53.040    490.6
53.060    487.8
53.080    495.2
53.100    438.6
53.120    519.0
53.140    510.8
53.160    507.0
53.180    513.3
53.200    538.9
53.220    491.7
53.240    481.3
53.260    527.7
53.280    466.7
53.300    488.4
53.320    472.6
53.340    533.7
53.360    498.2
53.380    530.0
53.400    517.6
53.420    469.1
53.440    497.6
53.460    469.7
53.480    445.5
53.500    500.4
53.520    468.4
53.540    495.9
53.560    493.1
53.580    544.9
53.600    488.0
53.620    481.7
53.640    495.2
53.660    466.5
53.680    503.3
53.700    514.6
53.720    483.1
53.740    462.4
53.760    475.7
53.780    522.7
53.800    477.0
53.820    497.3
53.840    475.4
53.860    474.0
53.880    519.3
53.900    445.2
53.920    539.6
53.940    505.7
53.960    521.2
53.980    481.0
54.000    463.8
54.020    424.5
54.040    479.7
54.060    517.3
54.080    505.3
54.100    508.8
54.120    469.2
54.140    479.2
54.160    529.7
54.180    458.5
54.200    463.0
54.220    546.6
54.240    517.9
54.260    526.9
54.280    488.8
54.300    468.1
54.320    493.8
54.340    507.8
54.360    536.2
54.380    549.2
54.400    487.7
54.420    517.4
54.440    479.6
54.460    485.4
54.480    488.7
54.500    463.3
54.520    467.1
54.540    569.6
54.560    470.5
54.580    549.4
54.600    482.2
54.620    512.8
54.640    455.5
54.660    559.7
54.680    516.8
54.700    458.8
54.720    500.4
54.740    522.7
54.760    459.5
54.780    541.9
54.800    492.1
54.820    499.0
54.840    455.2
54.860    490.5
54.880    535.1
54.900    500.6
54.920    483.0
54.940    468.8
54.960    478.9
54.980    531.3
55.000    493.8
55.020    468.3
55.040    533.1
55.060    499.3
55.080    549.1
55.100    551.5
55.120    507.9
55.140    468.5
55.160    481.5
55.180    527.1
55.200    522.5
55.220    496.5
55.240    522.2
55.260    501.3
55.280    449.2
55.300    516.2
55.320    495.0
55.340    500.4
55.360    485.5
55.380    551.3
55.400    504.2
55.420    465.3
55.440    494.7
55.460    555.6
55.480    488.7
55.500    472.2
55.520    504.3
55.540    512.2
55.560    511.9
55.580    483.3
55.600    493.8
55.620    491.8
55.640    522.7
55.660    495.5
55.680    516.7
55.700    595.1
55.720    508.6
55.740    507.4
55.760    505.2
55.780    470.0
55.800    529.9
55.820    481.9
55.840    554.9
55.860    486.1
55.880    550.4
55.900    488.8
55.920    527.9
55.940    495.8
55.960    547.5
55.980    560.3
56.000    502.7
56.020    499.6
56.040    494.7
56.060    500.1
56.080    506.0
56.100    515.5
56.120    522.4
56.140    492.1
56.160    505.5
56.180    497.1
56.200    486.3
56.220    538.0
56.240    489.0
56.260    497.6
56.280    497.7
56.300    496.0
56.320    482.4
56.340    499.3
56.360    568.3
56.380    478.9
56.400    476.9
56.420    524.0
56.440    455.3
56.460    510.9
56.480    474.2
56.500    467.5
56.520    450.2
56.540    518.6
56.560    462.3
56.580    502.8
56.600    486.3
56.620    522.6
56.640    484.4
56.660    553.1
56.680    524.3
56.700    542.5
56.720    462.0
56.740    512.0
56.760    536.4
56.780    521.1
56.800    459.7
56.820    455.5
56.840    475.0
56.860    475.6
56.880    523.9
56.900    508.6
56.920    449.5
56.940    509.4
56.960    511.5
56.980    515.6
57.000    487.4
57.020    468.8
57.040    462.0
57.060    506.7
57.080    449.4
57.100    467.4
57.120    528.8
57.140    530.2
57.160    517.6
57.180    480.7
57.200    537.9
57.220    442.9
57.240    463.8
57.260    489.8
57.280    513.8
57.300    454.2
57.320    522.0
57.340    490.1
57.360    491.4
57.380    480.5
57.400    535.3
57.420    473.1
57.440    450.7
57.460    508.9
57.480    517.6
57.500    504.7
57.520    423.7
57.540    513.7
57.560    483.8
57.580    466.0
57.600    518.5
57.620    539.2
57.640    466.3
57.660    496.8
57.680    472.7
57.700    501.7
57.720    494.9
57.740    519.0
57.760    484.7
57.780    454.1
57.800    511.8
57.820    506.9
57.840    536.1
57.860    463.3
57.880    500.3
57.900    551.2
57.920    493.2
57.940    525.0
57.960    511.0
57.980    517.2
58.000    478.2
58.020    465.5
58.040    456.1
58.060    474.5
58.080    513.9
58.100    536.0
58.120    480.8
58.140    506.6
58.160    523.6
58.180    449.6
58.200    491.1
58.220    535.9
58.240    511.9
58.260    500.7
58.280    507.7
58.300    496.6
58.320    536.6
58.340    513.2
58.360    493.7
58.380    533.0
58.400    536.2
58.420    510.5
58.440    517.3
58.460    489.1
58.480    487.6
58.500    518.4
58.520    528.0
58.540    461.6
58.560    505.8
58.580    485.9
58.600    478.2
58.620    465.0
58.640    462.2
58.660    467.7
58.680    503.8
58.700    510.3
58.720    522.5
58.740    481.1
58.760    465.5
58.780    491.7
58.800    593.4
58.820    486.9
58.840    466.1
58.860    454.0
58.880    504.6
58.900    539.0
58.920    488.4
58.940    546.2
58.960    479.6
58.980    471.0
59.000    489.6
59.020    535.5
59.040    487.7
59.060    483.8
59.080    498.0
59.100    538.6
59.120    513.1
59.140    508.9
59.160    446.1
59.180    491.2
59.200    510.4
59.220    521.4
59.240    523.4
59.260    460.0
59.280    534.5
59.300    476.2
59.320    540.8
59.340    438.7
59.360    521.5
59.380    504.2
59.400    567.9
59.420    498.9
59.440    432.9
59.460    517.2
59.480    487.6
59.500    479.3
59.520    543.5
59.540    525.4
59.560    508.9
59.580    505.1
59.600    515.9
59.620    559.4
59.640    580.4
59.660    491.2
59.680    468.0
59.700    449.3
59.720    469.6
59.740    505.9
59.760    466.1
59.780    497.5
59.800    493.1
59.820    561.5
59.840    500.7
59.860    516.6
59.880    530.9
59.900    441.1
59.920    531.4
59.940    507.4
59.960    519.8
59.980    493.4
60.000    539.7
60.020    494.2
60.040    510.7
60.060    552.7
60.080    544.4
60.100    464.0
60.120    483.5
60.140    500.6
60.160    492.5
60.180    501.9
60.200    529.4
60.220    522.9
60.240    520.4
60.260    530.7
60.280    466.8
60.300    486.4
60.320    539.4
60.340    471.5
60.360    462.3
60.380    486.9
60.400    465.5
60.420    488.3
60.440    536.9
60.460    503.7
60.480    501.2
60.500    470.4
60.520    459.7
60.540    536.6
60.560    441.2
60.580    467.0
60.600    550.0
60.620    499.6
60.640    463.8
60.660    539.4
60.680    489.1
60.700    502.2
60.720    534.0
60.740    483.4
60.760    442.1
60.780    501.9
60.800    544.5
60.820    512.9
60.840    513.8
60.860    475.5
60.880    509.4
60.900    551.9
60.920    539.9
60.940    497.3
60.960    536.0
60.980    493.3
61.000    546.3
61.020    460.9
61.040    505.2
61.060    431.4
61.080    491.2
61.100    596.2
61.120    494.2
61.140    547.3
61.160    517.4
61.180    548.0
61.200    486.0
61.220    486.4
61.240    498.2
61.260    503.4
61.280    502.0
61.300    516.3
61.320    476.1
61.340    519.8
61.360    540.7
61.380    475.1
61.400    470.3
61.420    525.6
61.440    506.1
61.460    527.7
61.480    469.3
61.500    488.6
61.520    514.7
61.540    481.7
61.560    509.5
61.580    503.0
61.600    476.5
61.620    491.1
61.640    472.2
61.660    463.3
61.680    479.9
61.700    547.2
61.720    498.4
61.740    510.7
61.760    483.3
61.780    487.4
61.800    500.9
61.820    444.7
61.840    454.4
61.860    466.9
61.880    538.7
61.900    520.3
61.920    461.1
61.940    478.5
61.960    519.1
61.980    490.1
62.000    553.5
62.020    513.4
62.040    491.4
62.060    510.4
62.080    529.1
62.100    511.3
62.120    487.2
62.140    532.7
62.160    533.1
62.180    508.1
62.200    532.8
62.220    533.2
62.240    523.7
62.260    461.4
62.280    450.6
62.300    505.9
62.320    523.0
62.340    499.7
62.360    473.4
62.380    511.6
62.400    471.3
62.420    477.6
62.440    500.8
62.460    521.5
62.480    521.6
62.500    492.5
62.520    499.9
62.540    546.0
62.560    446.0
62.580    508.6
62.600    519.6
62.620    530.6
62.640    503.9
62.660    489.4
62.680    545.1
62.700    493.0
62.720    502.3
62.740    555.8
62.760    512.0
62.780    494.2
62.800    485.5
62.820    526.1
62.840    438.3
62.860    484.9
62.880    501.1
62.900    507.2
62.920    438.9
62.940    487.2
62.960    513.3
62.980    468.9
63.000    474.8
63.020    451.3
63.040    537.8
63.060    541.1
63.080    540.9
63.100    479.4
63.120    502.6
63.140    517.3
63.160    541.6
63.180    474.5
63.200    529.7
63.220    513.8
63.240    529.8
63.260    527.1
63.280    486.7
63.300    512.9
63.320    486.9
63.340    458.8
63.360    507.7
63.380    450.1
63.400    545.4
63.420    523.3
63.440    489.3
63.460    519.1
63.480    491.0
63.500    506.8
63.520    470.4
63.540    531.8
63.560    465.7
63.580    476.2
63.600    583.3
63.620    523.5
63.640    477.6
63.660    524.9
63.680    462.6
63.700    497.6
63.720    474.6
63.740    481.0
63.760    500.9
63.780    518.3
63.800    532.3
63.820    494.9
63.840    449.3
63.860    509.6
63.880    505.3
63.900    541.0
63.920    512.3
63.940    560.0
63.960    534.3
63.980    495.6
64.000    516.5
64.020    502.3
64.040    560.0
64.060    471.6
64.080    496.3
64.100    521.5
64.120    469.1
64.140    530.5
64.160    453.2
64.180    537.1
64.200    512.9
64.220    496.2
64.240    500.9
64.260    465.4
64.280    528.6
64.300    525.5
64.320    467.0
64.340    512.9
64.360    498.9
64.380    501.3
64.400    463.8
64.420    555.5
64.440    533.9
64.460    485.7
64.480    503.8
64.500    559.3
64.520    502.5
64.540    498.7
64.560    516.7
64.580    523.7
64.600    499.5
64.620    504.7
64.640    533.0
64.660    487.2
64.680    482.9
64.700    501.7
64.720    440.1
64.740    467.7
64.760    511.4
64.780    474.2
64.800    507.9
64.820    489.7
64.840    498.2
64.860    452.0
64.880    450.5
64.900    448.7
64.920    534.9
64.940    487.0
64.960    504.1
64.980    521.4
65.000    524.6
65.020    480.1
65.040    449.0
65.060    476.3
65.080    491.2
65.100    484.5
65.120    493.5
65.140    438.7
65.160    476.8
65.180    461.2
65.200    529.0
65.220    466.9
65.240    440.9
65.260    508.2
65.280    537.1
65.300    524.2
65.320    521.7
65.340    515.8
65.360    499.6
65.380    494.1
65.400    465.9
65.420    507.4
65.440    532.1
65.460    527.2
65.480    460.8
65.500    531.9
65.520    492.5
65.540    512.1
65.560    521.0
65.580    470.7
65.600    491.6
65.620    516.9
65.640    467.8
65.660    481.9
65.680    507.4
65.700    439.4
65.720    449.1
65.740    480.6
65.760    454.6
65.780    475.1
65.800    535.4
65.820    508.8
65.840    524.2
65.860    465.7
65.880    521.2
65.900    493.4
65.920    534.5
65.940    481.2
65.960    507.4
65.980    512.2
66.000    553.2
66.020    513.7
66.040    472.6
66.060    505.6
66.080    555.7
66.100    477.0
66.120    452.8
66.140    480.2
66.160    524.4
66.180    447.9
66.200    466.5
66.220    567.0
66.240    489.4
66.260    491.3
66.280    504.9
66.300    503.6
66.320    477.9
66.340    489.4
66.360    448.1
66.380    512.8
66.400    503.4
66.420    561.6
66.440    476.8
66.460    482.7
66.480    477.2
66.500    488.3
66.520    517.0
66.540    528.9
66.560    486.0
66.580    494.2
66.600    477.3
66.620    526.4
66.640    466.1
66.660    474.1
66.680    494.8
66.700    500.2
66.720    458.1
66.740    480.4
66.760    489.4
66.780    513.7
66.800    476.3
66.820    477.8
66.840    553.7
66.860    526.1
66.880    559.4
66.900    549.0
66.920    517.2
66.940    526.8
66.960    444.6
66.980    460.5
67.000    487.8
67.020    523.4
67.040    501.1
67.060    478.5
67.080    460.6
67.100    537.1
67.120    464.0
67.140    501.9
67.160    499.4
67.180    487.6
67.200    501.3
67.220    503.8
67.240    544.3
67.260    469.4
67.280    488.3
67.300    466.4
67.320    537.5
67.340    519.8
67.360    505.5
67.380    501.8
67.400    491.6
67.420    509.9
67.440    524.9
67.460    520.6
67.480    499.2
67.500    525.3
67.520    497.3
67.540    429.5
67.560    532.7
67.580    486.0
67.600    482.1
67.620    515.0
67.640    497.9
67.660    489.0
67.680    495.7
67.700    519.0
67.720    501.0
67.740    495.4
67.760    465.1
67.780    528.7
67.800    464.4
67.820    477.1
67.840    512.2
67.860    487.0
67.880    510.4
67.900    464.3
67.920    494.6
67.940    520.2
67.960    535.6
67.980    489.9
68.000    505.8
68.020    512.2
68.040    562.9
68.060    470.0
68.080    547.2
68.100    472.9
68.120    508.7
68.140    532.3
68.160    461.6
68.180    516.4
68.200    450.7
68.220    518.5
68.240    504.6
68.260    554.9
68.280    509.4
68.300    515.8
68.320    493.0
68.340    534.4
68.360    482.3
68.380    471.2
68.400    498.9
68.420    517.9
68.440    517.1
68.460    497.8
68.480    487.9
68.500    455.1
68.520    457.5
68.540    496.8
68.560    519.4
68.580    545.3
68.600    532.3
68.620    522.7
68.640    491.0
68.660    461.2
68.680    493.7
68.700    482.3
68.720    484.9
68.740    520.0
68.760    486.2
68.780    489.1
68.800    504.4
68.820    510.0
68.840    507.1
68.860    535.2
68.880    457.7
68.900    551.2
68.920    489.7
68.940    470.3
68.960    534.4
68.980    437.6
69.000    507.3
69.020    436.7
69.040    533.0
69.060    481.0
69.080    592.4
69.100    465.7
69.120    549.3
69.140    493.8
69.160    496.4
69.180    481.8
69.200    479.7
69.220    488.8
69.240    543.0
69.260    522.3
69.280    519.8
69.300    468.6
69.320    503.8
69.340    521.4
69.360    465.5
69.380    523.7
69.400    538.5
69.420    509.0
69.440    502.9
69.460    516.0
69.480    477.5
69.500    532.0
69.520    557.3
69.540    496.6
69.560    508.0
69.580    487.7
69.600    487.4
69.620    484.6
69.640    475.3
69.660    531.4
69.680    491.0
69.700    495.9
69.720    503.4
69.740    470.2
69.760    530.2
69.780    526.1
69.800    541.5
69.820    457.0
69.840    507.0
69.860    540.3
69.880    449.9
69.900    484.1
69.920    464.2
69.940    502.1
69.960    510.9
69.980    505.9
70.000    487.3
70.020    514.3
70.040    471.9
70.060    534.1
70.080    498.7
70.100    441.6
70.120    495.2
70.140    512.4
70.160    423.1
70.180    575.9
70.200    480.8
70.220    443.1
70.240    533.5
70.260    548.4
70.280    532.4
70.300    508.7
70.320    495.0
70.340    555.7
70.360    523.3
70.380    447.0
70.400    533.5
70.420    537.0
70.440    446.6
70.460    450.9
70.480    539.0
70.500    498.0
70.520    481.9
70.540    484.7
70.560    533.3
70.580    490.9
70.600    465.9
70.620    517.3
70.640    494.9
70.660    503.0
70.680    503.4
70.700    438.3
70.720    500.0
70.740    497.3
70.760    508.9
70.780    508.8
70.800    507.5
70.820    501.6
70.840    523.2
70.860    503.1
70.880    547.2
70.900    486.0
70.920    484.8
70.940    551.3
70.960    509.3
70.980    495.9
71.000    457.5
71.020    511.6
71.040    455.0
71.060    478.7
71.080    491.9
71.100    537.4
71.120    527.7
71.140    508.5
71.160    517.5
71.180    494.9
71.200    521.8
71.220    498.7
71.240    516.4
71.260    516.4
71.280    434.4
71.300    448.5
71.320    420.7
71.340    426.0
71.360    484.7
71.380    493.3
71.400    532.2
71.420    565.5
71.440    485.4
71.460    538.3
71.480    542.1
71.500    518.9
71.520    443.4
71.540    464.2
71.560    468.1
71.580    511.3
71.600    541.9
71.620    463.5
71.640    480.2
71.660    496.8
71.680    511.9
71.700    475.5
71.720    535.5
71.740    513.5
71.760    537.3
71.780    470.5
71.800    525.9
71.820    465.7
71.840    522.9
71.860    515.9
71.880    523.9
71.900    525.2
71.920    520.7
71.940    488.7
71.960    556.5
71.980    450.0
72.000    540.3
72.020    505.6
72.040    490.0
72.060    466.9
72.080    484.0
72.100    483.6
72.120    426.8
72.140    510.7
72.160    449.8
72.180    473.2
72.200    450.4
72.220    562.0
72.240    500.3
72.260    515.2
72.280    504.0
72.300    504.6
72.320    497.3
72.340    472.6
72.360    551.3
72.380    520.0
72.400    464.2
72.420    511.4
72.440    478.6
72.460    460.1
72.480    452.0
72.500    486.3
72.520    453.1
72.540    472.7
72.560    494.6
72.580    457.2
72.600    486.7
72.620    471.5
72.640    548.3
72.660    495.0
72.680    541.9
72.700    532.5
72.720    527.5
72.740    481.2
72.760    491.8
72.780    536.3
72.800    528.9
72.820    471.2
72.840    416.3
72.860    501.9
72.880    478.5
72.900    508.9
72.920    529.1
72.940    521.3
72.960    487.5
72.980    435.8
73.000    534.1
73.020    517.2
73.040    485.7
73.060    503.3
73.080    501.2
73.100    495.8
73.120    495.3
73.140    507.7
73.160    484.6
73.180    496.2
73.200    504.9
73.220    471.7
73.240    480.2
73.260    456.4
73.280    543.4
73.300    486.8
73.320    551.3
73.340    453.4
73.360    528.5
73.380    535.8
73.400    519.9
73.420    522.2
73.440    551.5
73.460    556.4
73.480    467.1
73.500    443.4
73.520    442.4
73.540    485.2
73.560    480.3
73.580    484.7
73.600    483.3
73.620    500.9
73.640    498.0
73.660    513.8
73.680    461.7
73.700    494.3
73.720    513.2
73.740    554.2
73.760    516.5
73.780    490.3
73.800    514.7
73.820    526.6
73.840    505.4
73.860    495.1
73.880    484.2
73.900    460.5
73.920    511.8
73.940    461.3
73.960    505.4
73.980    471.6
74.000    478.6
74.020    508.6
74.040    520.2
74.060    504.6
74.080    494.0
74.100    503.9
74.120    539.8
74.140    465.4
74.160    557.5
74.180    535.1
74.200    497.4
74.220    537.0
74.240    504.4
74.260    503.3
74.280    541.3
74.300    526.7
74.320    457.3
74.340    496.2
74.360    526.1
74.380    444.6
74.400    492.2
74.420    422.3
74.440    542.2
74.460    504.0
74.480    514.7
74.500    516.7
74.520    521.7
74.540    462.3
74.560    529.9
74.580    476.0
74.600    491.5
74.620    560.6
74.640    474.0
74.660    515.5
74.680    531.2
74.700    473.1
74.720    503.1
74.740    499.2
74.760    511.7
74.780    533.9
74.800    519.6
74.820    517.3
74.840    443.5
74.860    497.1
74.880    536.3
74.900    493.2
74.920    495.2
74.940    519.7
74.960    495.5
74.980    496.5
75.000    506.6
75.020    461.0
75.040    506.5
75.060    449.3
75.080    482.9
75.100    447.4
75.120    468.4
75.140    473.0
75.160    530.9
75.180    527.9
75.200    492.5
75.220    488.0
75.240    520.2
75.260    453.4
75.280    514.2
75.300    481.3
75.320    529.4
75.340    521.4
75.360    488.7
75.380    506.3
75.400    482.6
75.420    444.3
75.440    559.1
75.460    523.8
75.480    517.9
75.500    485.2
75.520    487.4
75.540    470.8
75.560    537.8
75.580    467.3
75.600    486.6
75.620    480.9
75.640    444.1
75.660    459.6
75.680    562.8
75.700    521.3
75.720    471.4
75.740    479.7
75.760    550.3
75.780    501.1
75.800    458.4
75.820    456.9
75.840    537.9
75.860    513.7
75.880    543.4
75.900    491.4
75.920    454.5
75.940    487.4
75.960    520.5
75.980    535.6
76.000    533.8
76.020    527.7
76.040    467.9
76.060    530.1
76.080    500.0
76.100    492.4
76.120    493.4
76.140    541.6
76.160    545.1
76.180    503.1
76.200    532.6
76.220    452.0
76.240    497.1
76.260    433.6
76.280    511.6
76.300    532.3
76.320    532.6
76.340    526.7
76.360    529.1
76.380    453.3
76.400    486.7
76.420    547.3
76.440    488.6
76.460    484.0
76.480    530.0
76.500    529.6
76.520    496.4
76.540    488.2
76.560    510.7
76.580    527.3
76.600    475.7
76.620    548.4
76.640    492.8
76.660    482.0
76.680    517.4
76.700    448.9
76.720    528.6
76.740    547.7
76.760    518.0
76.780    490.1
76.800    496.7
76.820    458.8
76.840    490.0
76.860    515.5
76.880    528.8
76.900    494.8
76.920    520.8
76.940    526.4
76.960    526.1
76.980    477.1
77.000    504.1
77.020    481.6
77.040    495.3
77.060    496.0
77.080    508.1
77.100    553.3
77.120    453.5
77.140    505.1
77.160    504.8
77.180    481.1
77.200    486.8
77.220    492.8
77.240    511.4
77.260    494.1
77.280    489.7
77.300    514.1
77.320    480.7
77.340    469.4
77.360    496.6
77.380    482.5
77.400    489.9
77.420    498.2
77.440    475.7
77.460    516.3
77.480    492.3
77.500    520.0
77.520    532.9
77.540    517.5
77.560    509.0
77.580    512.0
77.600    515.8
77.620    514.9
77.640    493.4
77.660    476.5
77.680    501.6
77.700    539.4
77.720    546.1
77.740    525.8
77.760    529.4
77.780    472.2
77.800    504.1
77.820    440.8
77.840    454.9
77.860    606.7
77.880    516.7
77.900    507.2
77.920    476.4
77.940    532.6
77.960    517.4
77.980    513.1
78.000    456.7
78.020    483.4
78.040    536.0
78.060    494.2
78.080    547.0
78.100    492.3
78.120    505.6
78.140    496.2
78.160    554.9
78.180    463.8
78.200    539.6
78.220    538.5
78.240    498.3
78.260    541.0
78.280    513.7
78.300    472.6
78.320    473.8
78.340    466.6
78.360    479.9
78.380    545.3
78.400    450.7
78.420    463.2
78.440    466.8
78.460    502.4
78.480    532.7
78.500    514.6
78.520    529.4
78.540    476.8
78.560    496.1
78.580    512.8
78.600    489.2
78.620    489.6
78.640    528.2
78.660    477.4
78.680    500.4
78.700    456.7
78.720    415.6
78.740    520.5
78.760    486.2
78.780    530.0
78.800    506.2
78.820    510.7
78.840    510.5
78.860    476.3
78.880    511.1
78.900    453.6
78.920    496.4
78.940    441.1
78.960    435.5
78.980    487.5
79.000    501.3
79.020    472.1
79.040    483.0
79.060    530.1
79.080    484.4
79.100    512.0
79.120    508.1
79.140    475.9
79.160    476.5
79.180    532.6
79.200    492.1
79.220    501.7
79.240    515.4
79.260    501.1
79.280    433.8
79.300    527.0
79.320    513.7
79.340    493.1
79.360    508.3
79.380    520.9
79.400    534.8
79.420    494.2
79.440    463.3
79.460    515.8
79.480    439.1
79.500    552.5
79.520    488.7
79.540    454.8
79.560    491.5
79.580    458.5
79.600    508.6
79.620    476.9
79.640    497.8
79.660    549.8
79.680    565.8
79.700    509.4
79.720    481.9
79.740    511.6
79.760    515.0
79.780    435.3
79.800    469.0
79.820    491.7
79.840    541.3
79.860    522.0
79.880    537.9
79.900    465.1
79.920    500.0
79.940    488.7
79.960    509.6
79.980    549.2
80.000    526.6
